35 294
320 359
286 686
344 790
739 458
709 395
882 339
181 139
206 21
33 237
867 796
740 596
299 857
360 583
478 914
250 929
231 537
104 89
519 939
515 393
355 122
872 891
793 793
505 594
896 815
613 650
885 117
766 203
567 482
990 771
465 903
689 509
924 247
397 299
325 561
485 296
719 305
275 286
564 265
35 32
419 510
693 350
828 600
282 825
323 641
408 920
964 806
994 563
715 297
651 931
588 663
314 367
916 782
461 735
547 615
187 20
720 14
926 871
883 65
716 539
877 347
452 899
690 284
182 895
942 843
360 676
861 483
702 518
626 697
758 702
238 940
261 196
86 950
76 661
392 358
909 624
334 49
644 921
182 485
873 975
585 442
940 664
776 812
502 992
13 544
807 622
636 534
898 58
723 136
901 100
921 696
565 927
775 80
658 282
440 135
22 431
125 381
944 751
31 120
73 18
875 646
161 605
804 450
603 710
686 81
713 997
123 867
206 239
118 221
774 472
639 435
516 86
356 548
27 284
927 810
823 410
384 151
460 268
149 860
760 658
204 792
359 754
496 432
506 177
427 430
261 499
846 685
106 602
281 229
938 55
82 884
863 835
571 94
673 888
177 203
702 188
596 285
759 790
262 310
66 397
977 727
923 663
313 233
567 192
774 472
26 896
520 328
664 298
711 191
318 865
506 935
303 193
463 292
729 210
41 713
783 831
601 640
273 676
405 815
878 969
704 727
289 773
273 960
728 791
849 95
322 417
614 410
395 729
256 153
484 280
473 979
902 271
599 289
570 675
369 438
434 197
199 708
52 981
968 724
563 668
715 565
607 273
82 510
988 464
483 470
786 263
642 410
398 691
133 511
388 344
485 164
621 532
739 811
220 89
824 903
59 543
613 544
994 337
991 87
258 920
971 219
649 177
948 681
224 684
80 944
480 676
724 999
321 148
557 600
9 181
620 97
947 242
939 783
62 748
16 819
261 975
74 392
226 133
752 320
333 324
812 146
387 636
938 942
450 235
220 220
866 288
802 329
735 212
326 647
451 420
133 498
700 39
439 62
578 676
900 297
566 304
410 776
918 309
422 607
840 46
966 697
897 316
403 528
708 338
701 738
272 494
858 57
108 894
983 691
995 445
515 782
46 404
470 591
814 637
140 126
430 763
891 81
552 109
481 538
675 534
909 977
921 241
182 950
77 310
734 86
669 612
752 247
439 82
151 97
228 318
424 970
51 982
470 821
26 409
673 850
777 187
901 84
941 608
689 157
424 967
232 453
129 604
391 69
869 925
693 865
809 898
246 968
676 365
264 640
990 7
916 943
240 112
500 348
410 564
996 319
208 753
589 206
867 139
8 297
463 985
985 766
660 545
979 393
947 410
321 165
563 310
299 18
358 311
648 567
861 538
457 479
732 43
54 359
483 299
558 724
133 798
879 762
341 113
920 947
328 397
786 954
866 221
807 666
741 614
231 229
818 586
114 424
232 228
423 206
390 314
29 985
204 606
364 43
476 205
531 668
219 905
757 686
912 842
716 521
491 345
249 595
175 28
363 467
865 168
883 749
914 367
918 813
351 864
51 601
519 155
921 46
427 891
276 841
743 105
785 785
168 108
934 358
57 485
970 987
410 732
333 675
527 496
321 46
5 985
663 219
274 427
210 130
118 431
337 900
749 553
49 10
64 139
846 764
672 419
555 936
298 118
615 720
362 864
776 648
553 207
589 787
624 476
407 549
232 747
572 938
642 168
15 937
140 614
169 675
400 205
341 412
756 9
191 287
556 512
904 416
318 266
120 349
842 620
397 680
302 916
822 84
782 436
44 235
541 853
569 971
530 906
821 286
749 545
665 242
416 102
439 168
176 528
336 108
251 583
167 907
375 697
171 464
394 791
210 84
595 258
922 198
731 57
883 474
359 448
901 25
919 178
901 629
124 876
86 103
60 845
794 713
50 753
789 233
143 22
369 991
252 882
578 545
972 93
755 876
422 144
443 407
575 671
88 666
609 48
443 888
48 176
433 407
619 749
137 341
769 455
268 758
14 510
555 339
941 85
777 447
986 624
376 547
508 794
231 413
831 184
484 406
109 234
255 750
340 81
748 567
617 420
818 467
198 517
860 783
939 246
425 24
587 12
930 98
121 436
347 716
553 378
417 939
775 615
874 310
882 599
825 142
883 769
436 403
999 282
633 245
997 358
900 904
310 551
158 625
210 211
474 595
395 905
642 980
681 104
209 484
760 274
222 8
599 725
162 174
225 774
433 596
383 605
251 2
570 554
816 760
199 112
597 72
156 736
472 772
794 901
598 889
944 340
880 811
182 940
549 516
3 60
149 202
839 918
497 836
203 762
336 873
627 26
11 257
596 973
825 479
234 651
364 769
238 947
947 523
843 258
224 821
612 302
184 522
480 139
516 409
518 508
539 652
424 352
253 834
392 230
837 709
678 580
571 653
832 502
78 235
86 752
826 96
47 629
119 7
708 109
456 225
748 147
858 36
298 48
415 234
730 985
866 676
926 809
574 227
750 705
237 997
323 837
804 236
36 610
234 471
859 269
433 10
53 776
116 629
884 796
231 160
383 656
357 543
778 366
413 638
29 357
180 738
163 532
805 691
295 350
796 850
193 221
798 516
877 440
701 137
864 609
377 565
48 279
42 716
466 322
8 428
611 895
879 627
639 399
786 558
426 193
340 526
662 126
707 219
779 778
848 237
545 30
363 900
308 506
935 798
668 491
717 215
589 693
818 463
213 413
447 137
802 1000
415 406
531 298
361 430
415 144
754 509
615 46
785 585
891 959
588 150
650 357
861 773
124 405
64 893
439 297
874 393
180 179
512 540
909 919
157 210
768 92
278 571
837 554
606 702
347 389
525 851
229 246
487 539
153 323
425 770
932 111
304 385
177 86
485 227
259 178
570 427
200 268
391 292
267 874
314 678
754 778
138 705
469 639
751 291
529 949
977 57
704 935
852 78
633 964
109 325
27 808
398 807
781 254
997 673
795 333
217 824
196 52
492 689
58 218
238 205
66 459
487 32
538 112
397 121
198 172
166 282
960 240
687 536
99 908
504 82
769 415
800 267
394 812
454 445
865 274
506 258
318 786
893 443
724 30
360 427
731 801
913 196
860 668
345 708
845 23
384 377
673 255
814 631
333 555
801 167
410 592
531 608
642 18
112 632
794 758
511 361
775 468
869 817
259 408
339 243
895 779
748 630
262 400
94 817
255 278
822 347
825 635
364 705
758 652
387 2
162 920
360 497
510 371
688 902
782 274
596 550
424 495
99 220
913 971
541 889
265 790
839 883
414 858
181 866
396 622
826 411
868 404
591 539
842 110
86 318
241 525
607 529
851 173
928 220
261 104
983 781
469 963
271 805
689 254
40 731
721 452
687 492
664 50
798 882
628 546
759 362
93 238
665 516
202 909
30 370
969 994
643 93
721 63
222 9
53 496
257 434
471 222
646 87
666 87
700 769
30 168
404 63
898 840
165 568
654 974
132 621
213 75
687 874
563 376
291 900
568 404
602 201
944 872
250 583
99 331
796 867
304 371
471 773
714 982
709 337
819 489
672 816
642 610
477 168
833 469
702 147
970 780
38 25
70 595
823 620
680 789
485 105
759 281
761 367
808 799
141 164
783 941
104 936
22 793
428 275
963 612
680 722
689 420
49 187
279 565
75 532
796 37
121 4
100 548
901 818
385 182
323 79
855 447
662 419
955 41
516 904
614 813
365 38
916 892
948 460
970 612
1 921
500 865
926 524
78 533
183 846
95 212
488 911
293 121
472 577
560 900
734 874
484 321
704 556
698 110
140 265
461 401
227 84
176 555
846 129
498 426
130 194
345 380
755 278
597 764
92 619
777 762
524 817
318 876
384 108
163 275
645 730
870 377
46 609
703 167
399 867
579 539
91 534
54 548
604 694
975 416
207 849
649 531
581 296
993 490
73 1
666 649
631 344
363 679
657 483
897 702
834 150
186 505
850 657
74 658
310 447
280 651
337 768
489 305
620 541
784 748
445 518
125 13
947 149
610 884
325 83
558 86
706 664
87 243
936 415
729 600
293 307
51 384
541 540
245 799
349 683
50 55
258 853
52 721
185 212
497 813
679 835
728 419
212 570
973 742
133 386
277 199
722 164
427 168
334 738
85 270
322 719
656 68
368 505
508 764
103 488
712 478
450 286
65 538
159 20
833 766
895 294
94 304
963 554
536 648
553 657
519 463
72 391
964 260
645 117
832 115
827 790
417 81
93 979
447 120
132 34
589 658
849 140
790 691
25 636
516 503
302 992
526 790
599 728
771 81
681 980
769 492
918 141
407 333
817 270
531 604
487 3
105 29
77 344
840 57
443 315
893 513
358 548
107 147
219 609
678 690
448 137
980 11
263 43
117 124
888 625
20 8
625 892
294 825
510 788
254 425
834 185
256 427
469 986
498 597
168 278
745 968
738 213
294 903
999 785
481 68
529 434
69 641
863 444
994 188
496 69
531 110
444 259
633 120
805 496
881 207
909 880
987 882
299 681
400 408
938 2
552 363
796 702
64 334
511 684
526 978
836 737
635 737
985 582
406 845
988 787
197 71
817 111
682 680
995 352
90 290
748 262
93 346
843 706
223 763
107 725
799 873
413 928
94 318
459 82
906 88
363 96
112 456
981 773
754 882
520 464
170 599
852 147
126 738
258 438
94 228
708 704
415 653
19 710
971 319
609 654
289 851
160 318
493 142
587 833
544 219
35 429
563 302
517 647
212 963
83 929
983 200
584 232
817 396
692 670
116 541
541 223
364 883
705 753
734 169
680 445
778 614
608 686
617 623
867 179
683 393
582 534
931 373
756 500
234 290
895 163
925 497
48 549
882 793
673 457
371 975
318 294
651 128
344 94
630 131
380 928
663 844
161 852
972 100
370 922
911 524
338 280
259 898
755 97
36 106
231 990
847 257
811 826
53 275
104 52
152 916
896 959
85 846
892 299
395 269
355 448
860 782
151 495
605 990
108 903
350 538
439 232
907 263
512 356
958 777
781 872
944 836
391 26
753 285
171 905
397 761
849 79
908 552
266 675
144 175
148 83
766 130
977 195
901 747
461 355
959 387
867 509
101 916
447 323
130 947
35 513
953 94
162 111
483 432
344 686
858 936
384 115
165 38
550 459
289 394
871 599
927 943
174 98
557 852
598 195
305 151
475 982
131 268
190 89
543 915
680 749
353 1000
902 422
222 302
188 103
978 834
855 649
401 356
126 547
865 64
837 378
694 845
721 855
353 552
327 377
709 53
106 7
572 5
59 456
594 186
559 467
760 182
762 145
802 403
56 333
820 580
778 460
989 782
379 594
424 402
83 663
37 130
448 551
56 383
363 360
569 492
803 280
335 389
811 597
265 459
602 965
208 377
328 116
676 13
595 765
893 596
815 431
985 366
652 632
817 481
521 223
349 445
91 493
501 297
841 493
790 54
124 189
963 179
333 24
621 370
33 387
886 429
989 712
770 334
644 268
996 263
148 937
127 533
103 472
165 632
689 730
226 269
101 422
860 915
19 433
406 808
192 598
805 798
107 851
287 953
207 261
149 636
156 660
319 151
162 324
619 612
318 437
103 802
433 575
841 303
656 945
456 98
431 155
940 474
255 543
91 748
88 126
938 3
599 293
900 839
268 652
992 745
753 186
271 462
56 401
134 630
218 92
212 357
502 953
587 631
815 522
959 679
502 670
683 67
352 214
313 697
841 943
413 467
5 144
64 164
212 819
140 95
344 244
119 286
461 116
917 755
730 302
976 624
576 196
917 361
234 340
475 899
17 984
634 140
164 426
497 73
422 268
913 851
664 337
640 208
209 70
162 898
165 33
665 678
968 460
395 706
333 691
65 486
180 344
486 979
534 30
347 241
134 926
574 624
360 51
919 675
261 230
737 354
560 222
631 38
208 846
558 822
331 818
75 134
346 649
761 594
157 212
600 305
277 59
283 809
35 896
79 148
709 439
7 361
311 330
65 830
389 898
594 300
344 239
485 236
906 902
339 733
119 29
431 862
801 158
592 816
410 605
335 981
935 268
936 311
599 941
348 588
996 369
32 925
506 483
383 307
97 992
901 226
113 915
402 441
200 590
299 185
614 365
502 546
964 583
289 914
312 402
128 830
963 517
473 186
954 256
47 967
739 199
532 449
323 784
883 557
998 555
229 502
722 44
472 786
41 895
194 517
679 238
280 88
355 963
834 916
313 892
801 204
626 92
645 415
313 449
569 927
778 24
178 747
993 660
85 963
272 907
787 955
662 792
979 764
791 348
168 834
179 80
564 135
286 462
751 651
696 524
17 760
672 631
833 230
862 636
565 209
5 828
810 182
918 612
582 18
349 218
503 502
426 624
438 257
491 723
294 147
867 199
600 9
495 611
818 406
523 528
529 273
479 935
927 573
180 976
553 924
482 685
375 60
813 479
394 40
267 671
991 442
780 459
965 665
906 515
18 389
344 925
329 230
761 353
308 990
656 334
340 458
520 975
538 41
868 940
104 15
303 622
259 5
148 93
726 521
918 983
250 710
311 305
707 412
657 744
77 644
233 92
528 713
444 958
394 723
508 601
470 93
225 586
399 552
200 720
677 345
696 946
195 200
519 650
584 468
743 27
640 113
537 507
406 878
882 69
737 38
295 471
17 847
902 957
236 5
423 533
364 859
93 964
506 11
931 42
730 785
433 58
878 992
791 812
90 37
191 700
637 86
688 871
271 974
702 129
847 332
74 723
711 81
741 831
755 810
903 523
418 597
363 721
426 805
990 821
167 324
604 911
436 450
508 723
928 573
748 402
248 589
781 115
104 900
894 400
843 734
947 952
83 784
297 134
550 26
634 659
878 418
187 936
928 752
722 409
909 37
114 403
271 912
847 909
857 384
331 377
195 623
139 329
224 257
883 30
501 813
443 398
923 701
939 605
15 109
557 563
692 103
80 361
691 944
51 634
531 892
441 157
173 888
901 950
689 712
838 244
409 840
588 554
381 932
76 522
389 828
658 618
276 438
526 24
908 718
110 942
327 165
210 167
124 815
51 67
794 777
743 98
197 568
532 621
149 14
659 601
730 759
765 259
958 393
561 308
939 301
345 936
653 431
848 516
331 261
908 897
201 277
745 37
759 903
694 977
103 74
606 83
94 241
564 66
413 115
296 684
602 546
206 289
975 469
508 53
647 476
73 472
120 178
730 774
245 804
676 185
237 813
439 990
337 906
215 572
995 633
742 150
613 834
513 78
993 574
339 902
800 318
673 372
861 927
408 555
36 572
191 890
159 78
696 676
693 976
534 574
788 690
892 401
689 356
265 948
489 400
369 966
617 747
961 812
239 31
161 873
157 217
986 912
180 369
11 172
386 496
9 804
270 435
517 406
834 551
715 384
464 87
505 204
308 22
347 874
511 86
115 372
541 821
82 950
598 702
160 214
991 666
318 88
407 762
803 946
775 64
569 768
701 544
27 482
716 456
787 276
738 323
825 489
232 619
749 152
92 420
101 402
692 108
814 472
519 169
333 505
678 914
218 698
967 905
880 147
102 897
293 954
735 598
699 170
244 439
395 861
80 843
762 581
398 840
739 361
969 153
279 499
605 137
896 681
721 13
295 855
515 882
812 342
608 995
984 688
596 334
116 980
406 595
92 346
390 459
198 453
895 849
820 130
688 229
74 369
814 922
23 880
740 837
639 424
456 433
772 546
449 241
181 429
124 930
62 660
807 627
295 90
662 228
308 818
87 719
815 152
116 283
383 921
50 957
698 481
706 872
331 712
950 233
136 968
833 874
977 401
996 701
27 74
423 786
157 288
241 930
786 731
790 453
665 254
321 587
350 648
295 873
971 873
143 732
465 377
493 800
620 630
369 566
977 51
694 719
187 360
258 809
242 363
323 696
702 453
509 504
994 812
565 834
105 685
38 590
779 987
375 117
983 600
105 189
488 427
827 683
66 789
567 960
231 58
168 963
486 77
558 43
641 743
875 436
7 204
118 31
616 302
810 219
980 580
946 373
107 607
291 668
916 205
305 254
390 155
31 770
828 491
618 743
368 29
423 212
998 787
192 93
564 22
388 549
599 508
296 251
844 50
723 603
811 684
470 941
198 837
830 777
996 497
747 254
212 705
435 715
135 218
60 93
157 810
660 779
875 487
587 50
489 767
962 953
403 109
428 600
56 918
442 567
709 588
427 776
588 44
772 633
158 239
53 276
193 647
210 391
598 802
365 548
462 96
719 45
508 697
914 726
635 968
586 502
493 292
192 46
173 955
235 626
230 874
103 698
259 336
2 284
621 903
563 821
443 905
436 724
284 910
312 611
733 676
127 879
317 773
332 45
924 826
496 97
116 425
520 112
813 721
959 788
407 877
902 178
191 648
409 850
741 334
814 705
626 133
436 220
103 649
422 728
248 185
493 638
906 391
498 863
806 28
349 528
906 488
602 626
181 358
267 745
439 291
590 279
339 762
620 777
573 730
217 489
763 694
157 173
557 474
455 22
241 975
909 745
605 845
731 316
989 896
877 198
27 126
609 608
263 415
543 319
674 131
850 427
692 907
355 834
724 311
550 786
792 571
502 915
157 507
959 424
15 881
60 888
322 541
58 308
171 994
825 73
484 927
512 562
411 541
408 635
420 760
726 521
887 692
829 374
721 273
206 582
68 723
436 654
644 242
757 820
964 444
101 836
856 502
8 756
629 9
557 260
46 807
800 225
307 144
512 508
658 849
962 133
944 512
489 286
213 889
547 928
462 690
561 136
75 266
380 295
97 238
626 241
657 995
917 534
885 744
149 985
880 666
73 647
700 448
849 63
885 9
385 669
902 582
261 932
666 862
694 495
490 429
886 893
752 772
254 581
199 738
643 304
77 479
603 549
671 172
524 258
194 778
173 616
602 489
416 602
56 879
840 920
762 295
820 40
540 130
888 645
468 815
653 139
60 728
861 596
216 52
392 505
414 548
467 792
714 463
980 127
421 4
979 959
943 571
594 378
461 431
296 415
840 67
280 587
345 504
156 823
812 998
274 647
937 489
715 207
33 914
229 941
286 917
572 993
485 390
480 774
612 680
825 535
737 822
361 324
4 53
470 646
710 800
419 513
273 505
359 171
585 676
831 354
226 276
987 721
32 790
361 25
816 645
31 261
285 611
620 585
233 566
243 835
668 154
454 945
898 180
793 531
571 90
394 857
327 501
895 780
528 1
251 254
562 149
690 448
808 141
299 243
236 303
467 168
27 934
52 140
796 980
821 109
433 983
846 181
222 277
17 237
342 561
981 350
169 716
154 616
510 71
849 769
551 890
89 210
478 237
290 483
554 642
636 925
306 74
258 22
906 662
91 291
515 570
91 321
894 750
58 393
641 799
814 311
558 658
721 400
57 138
528 648
723 324
578 864
396 256
422 863
330 904
301 619
359 615
37 314
328 328
32 392
162 761
564 309
865 405
441 534
18 517
439 661
465 841
810 921
929 60
1 510
672 540
729 496
379 914
61 84
590 227
54 422
968 327
782 617
868 724
792 35
702 931
240 328
951 14
614 569
388 690
604 818
663 248
296 949
308 655
14 441
19 68
11 808
184 703
163 610
131 677
649 78
832 224
465 119
140 827
150 690
886 267
468 651
605 215
739 287
477 158
565 877
743 271
163 219
77 269
926 966
195 398
368 50
891 522
793 155
6 56
972 87
890 740
9 427
300 405
211 410
192 308
252 414
532 277
617 731
655 447
753 323
839 200
635 872
647 13
360 690
915 683
499 320
418 570
45 814
79 381
645 582
757 379
348 788
133 835
345 246
573 508
609 447
781 973
449 478
109 816
106 829
591 288
65 165
296 924
239 739
838 124
619 612
31 668
643 90
884 746
570 534
928 277
352 80
310 227
561 250
236 699
224 841
299 555
827 774
943 229
394 882
723 826
157 752
398 193
599 342
499 847
164 754
553 305
702 172
246 547
844 117
655 671
880 765
746 837
905 750
31 886
919 245
631 463
37 579
196 175
139 616
516 232
648 127
319 887
158 249
146 260
975 825
682 987
930 720
763 764
561 121
115 904
574 279
959 650
621 586
749 113
171 328
366 430
952 462
16 96
63 509
702 497
850 356
232 586
154 651
836 866
159 714
793 216
659 614
321 385
733 18
35 114
531 174
683 324
766 642
88 684
82 637
62 281
537 253
421 295
301 412
218 502
783 56
2 681
405 914
706 604
396 590
44 762
700 800
224 771
78 764
749 481
231 116
56 911
393 546
622 41
227 632
804 564
629 604
791 277
595 400
746 922
75 849
433 994
548 990
66 355
714 329
249 63
576 735
651 175
729 14
918 322
393 12
3 889
969 869
189 478
970 800
728 93
21 658
284 261
344 526
595 898
948 871
880 913
506 397
546 826
679 852
621 392
804 493
262 33
540 240
224 189
740 727
746 390
809 864
17 390
37 21
821 202
542 681
713 750
171 561
343 251
391 361
213 418
538 736
286 18
174 853
28 377
160 795
727 959
786 554
933 610
941 132
598 47
79 432
423 309
840 702
147 532
41 86
518 459
636 3
328 694
814 634
336 349
756 236
383 145
270 392
775 870
651 715
411 328
598 715
497 502
995 879
749 453
64 782
444 935
556 972
411 479
663 224
949 593
789 266
325 295
177 69
398 52
210 159
212 508
809 481
4 936
190 862
338 359
138 266
71 862
753 653
375 3
901 47
682 549
863 86
422 37
777 971
973 949
404 319
505 911
949 213
557 755
225 88
3 775
351 585
416 578
719 950
538 693
785 353
874 644
411 134
841 478
676 829
55 181
294 676
297 264
354 716
668 363
509 112
101 6
278 87
884 644
15 479
709 310
909 274
807 122
825 176
899 184
598 66
587 498
996 333
675 238
651 436
812 578
713 25
114 744
44 342
885 879
701 612
98 224
614 827
614 685
566 540
52 432
141 141
951 817
238 387
783 778
558 356
739 388
963 578
18 885
98 29
320 966
819 465
260 751
45 29
106 783
344 113
80 368
411 12
800 797
565 418
693 176
626 977
103 882
229 105
739 387
532 520
282 278
803 616
608 87
903 336
345 665
818 253
657 714
569 174
848 50
361 353
269 88
797 898
946 583
323 89
24 240
844 333
585 341
825 712
493 834
889 607
959 156
401 529
462 461
923 513
226 809
49 281
704 227
576 82
191 733
950 468
8 737
972 684
859 823
285 14
274 340
401 483
610 444
542 257
953 747
608 847
969 542
776 50
829 398
140 179
352 490
392 8
13 152
580 113
758 912
597 690
828 699
630 678
899 397
895 909
892 163
737 449
974 12
560 133
388 141
803 415
626 542
723 735
473 789
6 593
375 999
233 268
744 559
978 196
53 854
490 113
663 57
242 744
579 982
93 978
581 790
153 183
681 929
913 762
62 713
326 792
262 534
642 262
135 265
339 97
485 736
41 518
974 268
185 254
514 92
957 895
472 239
790 48
814 942
749 486
947 889
382 358
904 108
955 937
5 723
279 633
856 176
735 494
875 340
613 948
258 832
170 565
346 781
267 959
951 986
58 126
143 837
544 67
137 704
889 959
876 967
464 293
600 380
409 142
744 969
165 551
887 702
914 786
865 332
914 484
634 521
367 234
947 791
987 59
841 296
150 75
701 432
460 960
506 671
957 616
789 970
870 757
102 180
323 463
723 347
7 874
577 387
424 550
490 506
81 419
784 203
17 60
772 126
7 674
156 503
251 881
298 506
453 922
792 381
791 681
934 680
545 853
472 347
672 232
794 645
352 361
176 725
570 551
431 369
350 424
588 818
180 883
88 525
709 496
227 735
452 464
555 977
435 443
732 996
559 249
765 381
405 636
695 741
935 844
124 259
807 876
309 793
186 890
438 667
184 929
950 424
730 226
861 976
628 242
698 499
908 463
748 201
412 543
665 982
955 441
358 109
734 133
220 372
392 959
475 361
544 541
436 606
641 274
53 447
311 413
247 765
491 603
421 736
246 684
596 892
937 661
730 964
624 477
404 818
432 589
53 299
149 572
535 78
49 165
641 42
364 41
261 908
829 952
32 179
582 207
631 706
668 777
103 978
487 425
198 640
105 527
977 417
107 369
607 487
234 310
272 913
329 504
430 419
42 128
486 430
355 851
843 397
336 879
427 215
548 670
253 972
825 814
351 588
499 371
848 692
715 202
284 702
104 707
831 788
838 749
269 905
350 155
801 303
559 993
176 903
506 874
499 181
6 350
706 590
361 841
143 102
271 40
858 525
560 630
126 820
135 249
26 933
253 663
304 349
581 699
186 687
629 704
197 723
393 248
933 309
167 648
820 764
21 501
841 398
119 140
228 804
595 408
573 923
401 674
318 953
247 462
342 145
616 507
335 956
108 527
856 773
375 188
499 701
278 268
31 190
657 518
416 143
781 829
103 41
744 548
145 560
585 378
765 711
954 724
920 112
866 140
554 534
54 524
123 102
786 697
172 116
38 395
461 762
313 258
235 863
431 188
611 7
185 999
78 354
988 818
412 576
795 957
702 326
626 657
618 549
641 417
565 457
552 192
217 891
684 149
642 266
662 822
498 115
435 413
701 381
276 464
249 629
812 728
844 598
951 56
944 657
265 253
567 213
379 24
697 364
511 160
67 636
513 899
419 817
85 569
431 196
912 985
101 65
320 563
865 730
604 966
178 191
394 78
160 44
452 70
962 429
51 989
773 181
7 250
777 792
834 634
470 71
723 713
794 280
244 319
231 45
754 328
322 280
698 60
163 905
190 441
201 674
527 374
454 286
491 789
576 614
613 815
99 256
635 745
12 421
564 93
538 180
801 321
157 743
966 701
814 801
259 470
203 939
212 165
141 862
66 550
7 911
658 69
181 328
140 596
977 21
564 727
561 340
168 295
203 382
325 672
29 100
835 701
575 196
351 261
58 504
80 930
316 287
759 240
434 753
48 484
521 781
466 153
867 669
589 945
17 812
465 359
189 774
562 722
407 211
598 67
100 997
354 13
330 248
257 377
232 77
184 291
995 629
254 659
879 692
870 496
795 256
418 853
92 887
843 987
973 469
828 69
56 602
734 823
46 724
737 502
122 850
731 225
102 109
328 338
806 815
568 367
189 864
166 263
796 663
760 745
745 15
235 347
832 818
161 784
886 851
429 751
529 911
458 925
86 405
140 313
936 87
388 355
819 145
277 288
716 108
985 86
887 196
81 424
798 634
759 843
266 240
167 399
119 847
296 891
702 72
145 509
822 27
83 291
202 324
523 50
768 674
31 418
383 742
854 893
587 234
425 508
963 793
712 820
430 447
195 132
521 997
594 470
609 866
374 874
784 764
817 658
905 419
59 930
454 207
603 536
518 827
82 98
415 321
61 377
279 874
295 327
15 658
444 391
630 104
184 205
574 948
509 695
899 373
581 313
914 194
60 31
73 499
544 614
510 127
578 571
619 1000
360 705
643 143
877 19
716 912
635 906
936 249
10 480
440 875
228 420
681 323
714 455
128 849
704 391
977 270
758 392
824 596
946 290
435 931
469 512
804 798
46 700
204 745
669 843
514 726
245 792
810 70
42 531
588 811
479 299
914 385
909 740
457 744
201 384
634 511
653 82
792 760
799 673
881 817
511 461
267 546
818 447
710 840
784 99
223 440
924 255
95 715
860 990
573 363
34 190
773 313
26 118
142 849
335 16
958 695
342 711
436 220
531 128
772 36
971 295
121 10
108 934
57 158
118 534
572 414
185 262
120 733
633 47
554 518
402 270
274 178
421 169
798 684
258 762
61 625
236 646
396 868
961 608
735 749
479 436
686 873
322 151
921 161
543 683
398 348
268 151
87 501
883 311
975 199
836 584
696 415
268 470
75 323
16 962
77 341
154 684
689 928
42 728
633 733
358 335
378 695
6 900
141 592
679 488
824 87
507 398
220 672
324 562
292 275
365 81
721 812
467 5
409 689
586 131
187 291
844 638
3 116
183 480
906 990
430 434
552 694
675 907
319 455
977 664
554 77
255 977
911 408
261 866
219 703
545 481
230 976
541 646
299 95
462 435
117 615
679 853
497 498
372 102
504 236
741 146
214 633
703 755
367 706
780 149
916 790
563 873
818 640
447 961
232 595
664 976
85 671
707 279
252 329
618 75
627 747
602 962
82 309
257 661
717 917
87 600
790 460
536 824
148 262
973 109
287 116
697 901
882 726
190 114
289 704
434 888
33 996
278 359
645 314
21 674
522 885
865 708
576 254
480 217
351 342
425 97
538 161
31 988
198 530
974 923
959 785
723 549
273 233
997 808
561 473
753 700
936 637
375 985
979 943
946 177
501 963
647 226
426 964
86 401
307 367
160 421
823 311
584 372
314 724
313 137
903 32
684 390
332 72
759 997
722 880
764 603
722 947
677 594
622 784
916 328
974 482
761 235
718 960
456 523
191 386
826 586
241 469
689 922
766 906
500 693
169 709
286 308
517 656
233 631
888 167
957 171
283 903
895 719
145 674
144 23
572 377
491 908
630 905
590 257
854 37
698 496
490 15
108 624
278 907
580 386
324 755
95 175
319 876
573 776
198 303
666 47
955 632
340 59
273 474
133 713
904 888
721 863
322 28
506 621
943 27
422 512
638 4
694 580
716 19
908 139
442 838
539 673
924 554
651 151
527 236
538 801
231 436
483 256
630 104
554 231
572 980
860 172
993 58
468 778
114 967
240 795
360 29
674 134
837 242
470 167
629 718
261 471
730 639
401 494
860 417
605 968
507 253
373 237
205 644
400 381
580 695
155 207
681 919
418 551
20 118
638 341
740 94
662 669
199 46
775 802
1000 2
315 879
389 598
273 590
195 382
313 203
477 298
652 31
709 462
930 284
556 454
797 650
157 325
446 756
329 746
270 304
358 302
3 147
812 149
749 664
704 127
127 378
439 68
320 539
458 399
537 12
113 433
870 557
500 170
635 172
162 297
480 707
628 279
462 140
344 735
794 954
795 584
757 995
129 243
426 573
398 406
748 108
200 879
943 489
630 474
277 199
284 415
748 58
609 993
291 120
709 886
376 938
744 575
312 497
701 547
862 534
921 922
943 869
885 458
532 230
621 921
1000 366
196 184
582 369
671 437
544 353
239 623
283 820
232 509
254 72
589 523
542 77
924 716
629 196
913 384
234 886
114 434
463 964
206 376
825 387
898 552
504 49
721 454
944 374
420 570
417 983
749 491
683 97
396 669
354 444
48 614
283 571
122 769
929 681
174 708
210 230
965 512
869 877
261 760
705 211
609 847
820 526
618 814
217 603
216 169
436 126
1 30
141 63
156 559
68 80
599 63
448 349
509 565
119 530
167 327
261 180
581 678
459 706
530 607
913 271
696 640
988 205
89 83
476 681
4 231
702 695
693 868
763 849
450 406
824 62
152 895
506 420
64 350
127 133
401 456
337 387
971 874
194 27
797 809
783 865
962 203
809 607
884 489
126 1000
593 299
637 978
396 272
532 364
880 523
177 718
860 732
514 726
730 700
963 906
58 207
717 476
458 962
46 986
712 59
86 167
382 863
174 463
174 286
499 966
477 636
927 485
836 656
117 152
398 393
961 404
943 609
355 796
521 57
737 737
8 720
428 45
970 503
543 649
750 967
110 120
810 251
213 271
682 883
931 185
412 126
975 86
329 358
488 486
374 334
625 966
520 300
810 772
930 949
932 97
433 671
297 768
428 495
41 378
641 601
529 568
533 670
754 351
8 722
391 570
763 891
798 574
315 703
772 236
592 316
757 206
810 776
240 686
346 812
305 500
389 4
490 728
33 209
140 169
727 501
596 995
981 107
392 233
500 634
56 427
572 829
616 869
571 396
914 957
912 286
703 697
489 787
737 882
553 355
44 448
699 119
348 953
994 648
112 763
145 950
130 646
195 876
964 698
148 198
715 690
599 136
443 356
578 99
664 929
366 533
365 892
805 952
82 183
423 530
780 790
929 661
615 610
803 821
366 499
905 201
250 862
518 533
852 1
379 644
544 684
109 217
736 764
964 961
475 325
337 63
81 355
904 391
50 500
496 261
516 891
984 981
236 746
40 60
759 949
155 861
524 691
692 3
592 511
757 480
86 466
570 850
47 608
16 247
543 441
100 867
83 308
491 248
791 178
744 289
715 636
280 578
890 720
347 333
433 813
336 208
645 936
581 730
649 9
956 347
347 495
745 334
786 837
855 381
924 735
796 876
155 628
580 585
193 279
141 518
681 664
186 740
687 502
360 892
522 665
268 288
259 82
351 476
689 214
86 450
117 661
369 887
968 955
641 427
578 107
335 247
414 488
823 887
562 840
594 776
838 79
161 815
130 712
513 271
37 727
752 913
511 948
82 53
897 535
441 651
41 410
6 558
353 54
688 713
933 530
688 999
912 725
971 537
391 651
898 626
953 699
78 873
440 402
842 649
787 44
829 367
44 142
304 921
153 290
924 513
890 752
637 519
546 640
967 901
963 123
965 869
204 244
398 924
215 717
512 425
490 436
109 737
865 620
569 601
405 100
151 857
466 675
269 972
995 456
819 12
211 704
787 88
307 419
501 954
55 526
267 243
884 150
657 645
262 690
84 385
216 591
541 136
312 959
221 271
813 505
280 408
279 414
830 196
157 495
697 526
105 935
484 482
992 968
972 359
84 802
474 424
332 444
667 171
889 332
510 784
678 978
275 88
965 217
332 837
766 438
288 475
855 506
333 349
115 601
133 539
579 549
759 752
999 13
556 402
137 155
490 509
703 706
239 208
247 373
706 771
624 669
582 270
449 942
171 74
219 14
517 862
21 171
580 960
817 563
179 698
121 753
821 644
355 815
71 308
334 2
109 205
263 370
773 200
520 50
975 340
216 806
43 212
805 410
984 153
309 332
911 329
356 927
295 95
30 240
65 243
597 380
663 234
880 966
496 323
305 674
815 179
354 285
790 927
553 867
617 923
454 257
427 462
334 255
972 287
356 74
37 815
424 351
870 528
880 836
209 255
674 385
649 133
396 474
450 157
587 423
268 629
853 372
45 287
936 959
269 862
305 77
673 164
418 982
88 107
180 469
787 600
973 502
770 115
882 515
101 395
264 580
198 625
529 72
870 110
993 86
276 735
986 702
94 311
863 420
207 212
688 919
308 683
629 125
153 729
960 869
254 938
385 461
37 41
429 548
984 513
520 564
219 219
14 657
573 142
766 755
9 406
165 653
574 575
798 780
223 430
245 331
470 985
971 772
322 671
914 80
883 930
223 512
153 560
720 604
788 746
427 669
552 346
151 882
676 893
237 276
149 832
621 621
697 707
311 462
188 623
799 647
252 621
115 225
363 178
44 142
179 474
75 729
132 682
10 694
757 900
772 20
775 602
157 874
953 52
756 167
551 842
171 774
178 855
49 100
61 381
166 58
316 432
20 126
43 544
623 342
134 587
552 111
602 805
850 373
574 119
432 732
427 743
172 786
363 717
33 378
914 348
643 421
883 990
444 95
447 950
907 807
681 500
999 31
507 726
797 843
785 569
636 46
233 722
194 229
92 530
824 730
79 531
227 438
92 609
895 627
893 580
663 513
89 122
472 462
864 167
881 335
60 905
550 171
585 815
489 800
348 840
179 868
147 204
75 503
163 22
920 931
400 233
779 227
507 159
602 757
560 660
231 798
471 15
38 862
35 850
916 862
11 766
879 369
558 845
923 247
293 447
623 867
995 272
608 767
713 753
316 342
545 126
194 908
953 242
906 640
11 990
403 645
41 429
54 42
254 413
948 948
435 203
904 659
726 452
48 461
830 388
329 898
424 62
27 683
286 623
146 809
827 347
364 998
752 504
861 829
947 585
114 493
735 778
667 75
745 263
729 866
75 296
654 811
915 490
341 499
207 584
403 184
90 988
878 480
592 574
675 781
200 971
190 327
162 706
665 766
983 838
158 600
904 989
813 37
237 30
930 904
906 144
402 287
318 26
457 440
850 546
610 21
368 515
305 408
49 69
149 33
852 90
526 624
355 5
815 128
750 244
736 926
461 931
399 615
3 578
596 675
423 569
571 623
587 370
217 876
275 415
678 400
745 370
42 957
362 293
730 11
827 671
100 8
422 624
177 189
265 970
368 627
396 703
323 453
47 795
548 958
573 538
289 526
853 711
565 42
306 797
321 540
132 965
952 83
329 10
237 795
606 796
654 106
363 987
83 942
199 165
363 15
862 768
420 453
190 412
871 977
575 688
401 558
34 814
831 55
481 260
296 83
907 604
406 328
50 973
46 523
113 925
43 481
647 800
102 807
997 610
836 240
130 820
430 593
273 628
748 138
16 990
989 855
780 289
596 685
89 748
905 878
609 599
460 898
254 515
129 991
366 702
489 477
823 972
700 599
551 374
46 213
764 716
627 772
706 232
517 643
497 226
185 92
61 815
259 460
431 799
213 770
665 254
132 315
102 810
775 716
146 445
496 262
839 601
379 953
700 773
241 351
980 380
426 944
793 141
589 249
228 127
556 389
233 126
914 194
29 715
116 266
880 875
731 441
114 726
84 149
604 566
301 988
724 374
921 682
315 745
94 112
407 489
830 768
120 894
529 912
826 869
174 150
933 595
45 28
42 427
356 117
825 237
506 710
251 777
387 415
338 113
531 135
170 590
56 288
564 557
40 972
666 612
92 739
726 862
979 915
999 346
265 22
476 50
173 536
74 653
30 883
477 821
136 417
656 87
495 935
173 173
34 59
846 859
86 352
432 289
358 444
402 86
54 713
424 464
415 818
330 42
300 416
675 925
845 877
181 573
882 848
74 677
391 23
544 765
336 175
624 747
563 633
992 123
397 810
947 725
1000 439
355 484
63 309
770 619
737 612
142 256
441 201
221 540
663 593
260 365
550 274
176 252
873 527
506 587
809 687
251 594
978 385
557 748
692 508
380 287
664 609
890 574
94 616
684 797
291 291
365 166
500 907
747 434
615 69
570 890
493 154
990 414
487 50
952 170
8 717
204 174
252 917
525 877
878 949
863 731
725 303
505 702
173 282
700 222
479 990
395 255
616 53
394 306
984 628
949 143
142 547
297 227
997 437
441 222
920 73
283 976
1000 431
338 257
415 857
192 882
927 975
134 762
18 927
940 341
614 598
354 459
80 160
785 600
120 890
884 615
972 302
287 777
404 30
920 464
495 902
995 198
394 868
724 722
899 344
732 191
61 661
310 655
41 856
294 703
368 55
828 605
881 118
794 838
437 450
781 136
799 593
618 208
576 105
213 409
693 514
803 815
343 301
766 262
535 524
603 602
253 281
33 577
987 176
314 357
169 192
275 917
879 894
594 193
410 6
373 436
658 980
831 383
423 850
898 944
422 893
448 706
41 183
120 88
995 284
618 144
67 448
32 446
263 539
553 85
888 467
92 797
267 28
63 259
192 708
913 538
899 467
919 690
696 257
377 455
793 686
96 205
685 596
964 10
749 422
458 822
748 848
614 762
320 269
328 943
414 91
176 256
316 217
245 645
436 286
818 366
423 23
197 910
778 1000
111 309
253 441
564 935
628 419
47 790
111 300
248 126
592 152
242 45
845 53
278 236
617 618
799 83
840 903
924 339
190 8
75 964
432 188
510 95
443 498
954 97
760 139
710 617
359 877
577 503
477 718
910 960
424 410
648 421
387 874
160 662
862 600
41 781
632 946
654 494
940 228
601 425
129 96
851 351
712 823
227 230
344 219
877 890
464 70
532 918
70 603
761 456
851 609
38 478
939 167
456 345
536 547
935 908
304 537
62 984
543 171
762 763
125 176
834 274
293 494
102 23
32 57
830 600
453 162
391 975
698 790
912 359
103 92
155 987
919 806
658 586
304 202
937 594
417 580
659 648
316 294
914 725
723 485
588 100
883 863
829 939
378 334
873 570
947 987
371 90
692 902
448 508
580 980
476 569
972 209
610 170
489 949
600 251
442 930
741 228
600 858
229 484
935 769
605 857
807 368
685 392
924 304
552 428
994 201
477 819
156 656
898 260
871 958
275 29
7 264
145 882
908 458
806 945
902 404
196 328
877 681
685 794
822 20
859 885
8 477
153 636
720 809
541 292
520 909
370 780
65 780
474 578
681 857
575 423
645 427
575 838
299 320
263 466
141 985
572 5
20 78
412 388
992 997
348 710
803 499
391 152
346 280
236 137
788 835
751 337
645 304
880 228
100 252
320 918
894 213
161 324
422 332
452 996
303 477
203 931
82 212
887 792
320 826
589 160
491 565
948 809
903 730
591 396
989 788
868 318
32 847
413 405
901 497
289 647
62 28
760 625
578 366
449 623
175 412
468 784
25 263
805 587
596 47
144 94
816 975
656 648
700 698
35 141
166 620
440 279
62 477
922 169
948 351
321 759
799 37
274 838
202 519
423 278
243 492
494 753
247 601
183 336
278 851
212 999
907 629
460 712
647 397
97 720
918 406
131 284
824 988
761 723
551 41
949 99
205 699
533 105
859 215
455 212
295 48
191 168
307 615
4 705
734 747
67 531
39 35
989 58
37 608
812 644
425 444
685 381
692 783
385 91
340 807
402 296
779 324
34 423
463 455
502 149
279 196
469 503
262 18
326 598
751 42
113 297
294 555
892 222
627 459
158 91
267 933
824 656
338 840
486 982
759 493
186 902
616 338
673 266
605 841
817 420
148 601
46 879
426 410
377 897
690 734
260 935
872 544
342 36
496 108
404 117
700 765
667 357
9 717
93 571
953 84
638 950
660 264
911 39
498 989
608 470
815 359
927 522
447 276
421 418
233 300
426 531
559 289
923 508
29 220
898 846
9 295
844 764
523 137
521 787
745 16
366 157
32 245
241 4
79 278
161 458
598 491
330 905
988 643
992 321
930 331
682 530
120 421
99 189
964 923
462 362
9 596
359 13
857 76
332 133
366 762
51 876
82 428
212 570
545 32
813 313
600 803
201 337
252 798
5 129
877 813
224 388
989 289
139 751
25 410
500 970
313 651
416 127
65 557
730 322
309 997
106 403
625 714
713 252
225 874
735 990
144 40
694 796
493 199
236 83
298 236
756 438
714 582
397 769
285 920
769 221
606 943
761 314
89 701
292 424
228 475
645 865
959 888
134 356
503 351
174 995
161 823
106 665
96 379
443 464
567 245
992 342
303 715
352 206
222 78
761 795
181 412
318 148
139 118
918 610
269 435
325 150
178 160
56 460
660 242
128 483
416 249
820 866
646 596
863 924
980 697
400 80
570 266
894 796
232 711
253 224
239 743
436 854
57 674
431 503
477 556
563 905
162 162
775 466
509 835
879 205
363 63
195 377
313 730
798 629
50 707
908 83
696 488
496 740
639 674
320 950
926 348
458 567
829 992
820 379
975 592
832 137
253 38
936 323
794 149
55 340
346 878
563 740
236 707
142 800
754 763
220 55
60 620
151 938
831 991
602 759
55 444
614 632
758 697
967 544
855 778
226 999
41 614
488 347
611 271
526 644
573 445
591 484
472 419
949 275
395 884
924 395
535 352
414 648
76 700
562 493
765 747
591 33
717 806
564 469
393 41
748 988
300 616
988 256
95 107
166 173
158 403
946 119
391 22
573 510
603 245
551 489
358 358
343 66
309 313
898 182
661 905
907 151
958 299
907 548
383 935
725 689
927 632
304 915
224 26
585 195
826 354
244 275
137 849
903 943
996 287
919 114
345 778
731 532
939 344
236 117
810 464
310 241
720 245
969 117
310 382
170 364
160 112
170 123
413 945
725 160
409 477
666 578
431 74
348 633
527 190
64 116
205 470
805 307
972 538
513 1
245 987
221 285
681 652
945 760
597 381
152 540
48 384
451 762
624 742
258 192
333 530
968 904
136 764
198 828
374 344
326 139
221 107
106 959
691 636
338 548
116 188
703 302
351 140
236 20
102 400
83 540
823 469
367 381
270 778
123 803
729 125
187 654
109 971
276 710
561 916
687 381
47 997
209 687
767 267
431 426
890 87
944 152
679 385
252 101
990 810
148 556
277 833
485 481
760 238
334 831
812 21
185 771
298 327
197 69
783 637
913 879
991 964
485 403
572 731
818 354
639 629
279 859
581 647
637 549
160 409
716 620
141 222
631 499
758 759
404 592
561 63
728 463
602 884
589 737
981 915
251 958
971 791
43 929
860 428
467 602
120 686
45 869
28 181
937 968
697 488
689 758
549 64
486 640
5 471
145 902
594 272
729 326
796 178
344 625
286 402
836 186
825 366
619 800
835 672
354 148
363 618
441 600
984 592
179 245
496 226
109 71
188 828
735 302
870 123
838 249
591 885
845 61
93 95
450 143
603 749
609 836
171 766
906 833
165 790
587 181
116 727
758 229
318 442
308 554
760 10
130 839
303 904
532 329
133 654
476 641
576 632
928 115
467 161
84 487
540 144
617 128
335 560
171 122
470 893
203 76
675 25
508 297
574 887
270 377
675 113
88 376
773 292
393 181
723 406
229 683
933 944
102 821
2 858
203 374
523 176
376 462
957 402
683 838
425 396
932 644
278 565
351 667
671 70
622 536
438 608
844 523
858 215
976 208
816 109
650 24
57 367
407 882
142 959
641 174
597 880
374 489
765 559
797 293
629 944
420 199
332 72
907 13
432 733
414 520
768 197
957 229
349 862
650 824
28 266
257 108
337 368
216 692
750 467
61 559
154 974
272 799
582 474
157 989
426 784
250 895
342 234
376 807
284 237
193 544
71 798
62 22
605 859
896 247
660 260
198 858
429 154
293 189
714 912
325 54
544 438
275 578
871 516
229 437
655 623
812 36
610 161
357 736
616 938
176 566
182 667
642 777
197 238
263 510
997 650
340 981
867 583
608 799
257 953
726 462
472 746
794 506
212 442
68 957
794 367
596 602
376 591
424 954
144 474
555 871
276 581
441 663
665 252
670 714
930 997
191 458
114 152
390 98
173 61
219 269
107 506
426 723
387 983
147 12
157 414
348 500
867 397
945 748
540 557
49 785
200 694
250 408
931 604
770 723
405 879
301 651
610 13
544 72
730 180
300 339
709 470
781 553
808 467
964 35
474 189
616 855
878 213
789 432
182 130
353 750
531 519
286 3
799 392
641 852
424 746
261 577
906 794
809 160
56 759
995 83
195 224
467 936
20 269
627 918
401 1
665 686
478 834
270 898
130 236
675 70
815 649
245 518
443 24
504 23
554 337
414 255
348 355
688 944
987 433
303 707
800 272
275 363
567 461
551 979
552 30
913 190
477 167
202 685
729 248
92 25
191 563
156 307
272 783
437 810
48 275
548 93
426 714
735 388
957 848
425 656
30 826
247 429
173 925
766 393
85 546
403 328
356 421
857 474
729 335
673 757
464 438
815 857
737 520
736 651
940 987
181 846
283 226
79 283
699 684
854 462
268 128
56 841
632 810
670 503
42 173
971 315
226 877
964 404
50 546
801 510
709 321
908 149
296 656
907 678
485 994
435 170
626 324
873 131
536 258
931 512
495 824
206 98
863 158
289 655
398 466
935 752
474 533
671 179
498 635
835 189
396 834
582 451
122 185
988 617
976 434
712 684
812 249
574 337
857 834
410 209
712 856
130 833
594 609
772 493
588 65
65 462
767 91
583 929
627 899
441 441
354 844
284 797
964 942
69 670
762 582
531 936
23 602
817 104
89 686
724 878
892 234
460 345
718 411
251 354
425 564
295 779
618 386
873 58
95 676
980 301
2 470
896 367
545 258
40 890
477 621
987 391
496 58
386 173
742 179
842 247
988 840
429 798
44 96
153 801
206 732
634 687
655 111
242 911
194 617
423 600
39 199
174 695
934 979
911 708
234 999
7 70
30 896
844 119
622 708
983 50
939 899
619 590
656 238
354 199
81 662
157 713
692 438
302 995
190 246
794 61
531 62
424 280
277 823
537 657
157 38
453 340
718 277
139 1000
189 65
281 147
964 278
94 197
636 201
896 982
390 597
933 554
373 750
676 522
260 845
532 217
863 297
708 149
62 668
369 341
781 626
764 106
345 141
797 136
145 446
417 904
31 816
309 728
333 280
915 825
150 134
307 579
775 792
912 519
266 326
945 147
799 730
502 898
494 594
184 487
163 557
269 853
933 247
606 905
693 624
766 747
95 304
891 933
387 39
493 449
469 119
539 693
80 312
597 297
158 745
734 649
685 198
397 531
555 98
491 752
745 940
134 798
229 41
772 109
238 835
461 699
654 659
292 116
459 188
952 564
494 435
456 633
97 887
716 823
982 146
826 823
826 286
450 84
975 147
492 27
906 438
622 401
108 714
742 765
704 184
145 330
857 350
830 634
354 583
780 411
809 556
534 985
488 642
25 790
25 699
465 907
901 63
866 797
304 832
581 806
172 121
326 868
529 659
257 853
498 669
947 574
319 84
286 375
394 370
352 212
55 800
456 261
898 240
892 563
578 887
94 332
183 699
865 975
330 316
200 239
158 419
846 198
366 748
607 880
297 187
140 182
912 789
774 648
615 427
40 50
238 66
719 906
793 472
83 270
835 217
369 100
221 989
703 323
353 705
128 149
5 976
619 69
616 766
239 411
579 373
866 515
531 415
451 640
770 427
414 723
890 967
282 166
310 364
478 264
23 404
654 73
294 822
993 71
929 369
237 612
370 809
562 688
458 868
812 780
582 536
505 946
986 203
86 678
250 103
729 336
762 851
55 906
870 90
639 57
422 751
669 885
641 677
813 657
953 913
841 828
200 217
514 437
440 157
152 477
185 253
428 745
906 919
545 682
572 480
107 849
961 586
708 183
952 425
358 870
939 761
681 597
262 101
297 641
755 740
247 222
334 479
783 356
710 246
931 602
113 709
89 335
857 433
129 10
4 96
228 699
473 116
752 820
525 364
766 444
298 906
904 57
721 647
775 374
225 531
768 477
91 168
119 895
489 911
563 718
5 553
154 208
402 583
217 198
726 458
589 3
162 186
370 439
589 605
103 958
213 950
145 478
546 465
647 826
17 871
223 246
495 674
865 108
664 555
167 394
460 822
118 208
412 427
150 823
942 973
90 14
258 766
113 144
95 220
970 201
933 84
989 913
765 293
803 628
26 313
33 611
443 767
117 163
892 201
849 697
547 635
667 213
188 236
682 90
124 237
219 699
625 927
662 290
382 420
409 271
644 490
703 94
180 786
666 471
230 218
384 807
478 708
357 384
111 807
320 356
133 369
622 89
584 578
339 770
77 824
930 844
667 560
575 318
498 141
116 824
622 547
631 384
336 474
887 155
7 304
506 860
701 816
318 852
17 142
338 915
414 640
767 100
781 516
801 525
732 270
525 504
662 625
539 531
152 554
12 843
57 231
29 901
349 4
294 750
189 654
659 411
882 166
20 202
328 395
529 816
728 597
20 653
269 823
399 377
80 961
258 376
575 59
725 397
369 186
566 629
78 554
989 34
781 217
198 408
246 568
324 30
275 852
744 249
702 929
606 18
529 291
55 82
774 216
63 47
730 4
825 439
175 281
325 87
733 21
378 750
927 820
905 378
664 211
669 226
437 263
603 246
762 551
822 521
79 934
755 257
664 685
436 51
729 9
540 142
239 408
920 60
858 80
203 199
312 944
871 555
464 281
365 285
341 39
197 26
856 697
460 228
359 965
54 571
65 540
537 486
681 818
516 52
345 742
24 199
623 3
320 855
593 88
520 632
380 227
756 285
22 481
623 419
170 114
945 46
966 963
426 934
638 736
105 734
558 548
515 771
953 685
768 886
810 25
26 601
542 347
193 924
432 494
542 915
971 404
140 915
583 136
760 211
75 161
677 34
572 58
414 936
816 566
653 598
614 613
973 355
800 240
404 976
750 558
352 291
944 923
214 671
90 426
479 339
109 181
771 28
162 603
458 431
539 619
50 444
222 118
80 960
626 340
833 713
200 72
382 12
848 27
39 56
806 822
334 501
886 117
138 916
332 441
884 92
714 65
594 757
137 4
376 768
428 791
798 558
179 816
759 510
1 153
90 547
209 221
88 458
982 530
559 550
461 514
347 268
705 502
910 32
861 38
632 114
176 644
535 712
742 225
524 949
121 759
420 901
272 935
199 588
577 258
441 20
467 91
953 737
498 905
634 247
27 134
530 638
884 119
718 862
806 360
163 561
547 354
199 463
886 508
802 440
259 114
238 385
602 366
807 391
300 977
155 826
883 812
687 348
521 145
512 884
181 331
807 750
864 38
329 649
704 297
83 511
513 257
991 717
451 52
916 857
186 343
569 796
295 830
509 476
549 695
216 189
851 618
857 661
51 348
617 921
698 364
960 863
480 506
564 911
756 791
37 494
996 874
419 488
728 721
699 249
737 771
973 239
247 266
242 844
544 688
449 315
772 921
818 195
953 198
984 967
251 32
741 590
100 382
759 147
423 21
177 52
493 532
679 91
434 72
280 512
431 54
71 174
367 192
341 613
474 339
431 404
777 187
306 500
24 130
608 962
950 35
517 401
48 411
31 738
904 489
114 603
803 635
571 176
615 64
795 736
338 814
257 830
471 715
853 356
550 634
527 167
215 71
736 420
969 577
358 455
643 79
217 551
114 346
964 441
9 646
513 412
65 150
10 82
17 667
152 113
693 963
313 211
333 964
658 392
537 128
98 7
396 729
964 306
178 293
868 735
698 781
617 458
72 780
130 36
447 948
140 495
540 46
436 27
266 244
428 591
215 819
771 564
457 673
283 442
553 839
373 34
502 228
171 181
269 833
319 734
256 898
930 172
62 646
100 828
947 3
639 615
47 129
29 52
517 100
238 908
137 622
537 246
856 947
144 938
633 763
848 608
202 44
501 432
643 84
784 261
343 727
355 891
314 78
992 516
619 843
745 699
701 741
412 133
902 37
757 157
994 689
781 65
33 366
386 223
145 793
246 545
158 271
505 168
169 234
963 586
1000 331
911 184
314 858
678 542
18 728
808 879
683 497
253 626
125 412
804 882
853 711
798 850
731 859
568 623
511 466
414 87
499 612
241 600
167 712
244 1
262 553
658 855
694 910
325 540
801 391
232 455
517 532
339 11
969 517
750 638
870 610
55 101
414 4
805 841
842 187
247 247
432 749
883 748
256 804
430 832
638 77
812 371
878 82
156 568
790 382
484 762
214 515
534 410
285 838
897 925
703 734
496 562
259 238
374 736
504 178
791 909
81 80
474 181
113 551
339 513
789 235
643 783
861 528
147 206
407 450
701 382
98 417
616 916
324 652
207 328
873 210
606 84
609 300
196 118
295 549
142 856
511 182
321 484
526 913
160 872
705 488
607 755
896 992
34 79
768 318
339 838
947 569
664 367
497 183
520 27
651 765
135 94
878 620
994 498
12 862
657 1
193 629
46 59
540 93
636 865
342 303
780 251
852 655
573 460
966 757
837 818
462 108
435 206
263 633
670 57
235 818
770 19
189 287
383 612
297 718
444 414
526 476
864 394
875 394
59 570
408 957
827 426
763 324
862 455
477 433
885 355
80 659
671 32
92 744
681 88
123 965
229 919
886 354
840 574
213 375
122 253
743 438
161 702
577 721
251 164
254 147
419 99
462 230
553 976
976 186
831 357
965 214
541 955
953 51
840 753
315 411
967 624
549 699
202 640
35 965
233 871
237 971
602 191
197 168
439 169
839 574
328 300
672 507
709 792
666 495
50 1000
707 401
459 198
942 93
291 33
85 305
970 789
417 666
915 902
18 306
546 498
710 596
645 169
925 955
983 771
202 5
596 270
70 197
941 516
549 150
257 730
958 732
23 234
98 686
182 71
527 867
547 270
221 117
285 315
826 918
810 176
945 763
683 900
899 926
270 105
400 639
348 66
559 606
290 949
346 146
95 903
24 737
782 87
263 366
615 3
883 494
241 857
45 133
564 833
770 421
598 947
875 266
429 288
799 49
539 864
177 197
26 74
310 24
64 445
725 126
924 260
365 621
446 961
294 278
204 572
415 160
477 548
393 423
121 701
708 402
441 508
137 435
641 245
249 596
635 478
985 567
900 806
632 835
381 802
927 535
70 445
569 322
101 706
476 293
357 130
893 90
341 386
285 837
569 655
544 340
460 105
47 885
943 333
643 375
597 579
743 393
43 37
285 268
390 311
13 114
209 573
439 336
968 504
211 717
670 64
510 767
20 838
375 375
893 799
685 970
106 580
115 365
159 322
93 523
778 516
673 678
931 100
268 723
502 235
353 89
187 513
349 342
917 869
784 652
858 115
257 457
369 666
725 772
750 796
32 19
95 831
628 690
146 824
472 938
62 504
914 54
483 54
923 720
593 492
102 312
267 702
791 539
96 475
746 794
145 534
165 741
104 628
325 363
644 346
959 406
563 744
221 156
143 548
556 903
263 550
366 56
812 561
49 234
923 5
665 840
479 674
29 31
51 264
941 801
768 822
342 920
191 790
396 607
989 953
715 384
371 479
253 184
840 24
191 873
785 353
247 971
285 658
882 22
340 801
446 608
781 823
435 551
896 313
577 489
235 980
524 613
830 682
675 944
596 757
519 409
928 31
134 283
577 464
252 524
872 920
837 664
894 662
657 881
886 33
885 206
261 885
968 854
343 163
804 234
215 199
32 618
309 199
230 777
981 929
361 482
397 388
35 454
388 344
303 521
780 375
481 615
440 10
891 369
543 324
615 333
538 523
438 775
921 609
267 765
996 611
390 524
257 402
441 762
454 762
486 456
764 85
115 305
222 33
928 177
829 305
263 953
880 165
634 438
711 631
797 934
980 732
694 434
763 79
174 592
340 327
421 145
911 811
208 944
642 101
130 126
760 348
397 423
547 239
33 151
195 306
682 591
547 147
647 668
88 266
356 812
848 550
285 984
297 364
392 931
470 542
928 4
976 207
646 323
7 210
585 694
170 795
956 439
759 548
809 115
309 631
380 208
132 136
92 781
46 604
395 775
743 144
267 891
740 204
503 739
443 533
383 906
96 34
23 292
630 760
605 161
728 683
264 598
107 762
642 514
807 258
382 918
954 928
459 584
524 802
423 796
549 766
428 600
98 499
790 765
475 930
249 559
267 229
729 767
758 639
848 342
89 14
708 309
193 5
623 403
164 109
50 454
418 463
749 869
214 603
396 122
308 89
789 936
752 242
56 63
100 919
138 793
792 192
972 829
232 291
541 525
691 2
517 751
119 307
43 183
784 200
613 316
396 983
305 544
415 766
752 23
70 753
239 436
98 788
162 398
716 908
662 531
693 377
565 385
339 515
494 998
506 938
352 921
317 756
3 29
382 54
159 993
360 160
30 860
947 849
913 748
200 620
206 255
820 115
438 398
272 763
369 686
906 431
592 832
150 309
441 733
840 338
93 839
18 881
483 320
149 7
246 463
994 679
309 722
439 782
619 894
748 14
681 137
501 589
916 585
681 36
538 663
209 447
899 512
419 558
218 929
632 164
601 658
620 912
74 728
347 417
148 858
102 564
899 325
118 161
65 501
619 702
335 106
959 707
305 605
528 120
407 398
300 880
905 949
458 945
727 692
357 120
294 609
675 925
556 40
993 938
291 112
303 887
229 324
643 963
974 569
981 904
933 112
583 929
200 976
688 135
239 607
879 518
546 528
853 437
755 522
355 406
808 39
92 368
114 250
971 228
327 927
381 823
117 423
359 806
564 534
59 686
412 251
766 787
564 914
595 421
136 489
446 56
310 586
123 107
214 888
566 974
178 862
842 172
414 261
902 206
728 218
192 89
321 513
128 628
527 877
915 902
817 72
897 884
498 57
143 251
188 192
195 944
511 400
662 67
473 778
139 707
996 118
808 18
975 591
765 711
129 548
945 412
981 785
976 183
188 816
913 104
761 243
817 139
430 606
313 111
342 941
544 51
743 825
584 252
274 562
215 416
969 169
790 165
423 430
280 36
17 896
294 384
867 962
631 668
459 469
746 347
828 25
238 291
891 368
778 49
133 722
563 928
206 417
712 851
462 184
675 415
382 783
597 481
607 60
598 95
231 773
335 838
263 633
198 947
474 265
959 53
971 781
778 525
753 891
409 703
138 788
398 522
480 28
432 278
844 641
75 649
941 791
196 418
737 94
998 94
802 854
985 476
500 178
465 64
300 91
712 303
213 533
328 997
970 671
756 110
113 314
992 968
168 451
575 289
764 678
337 767
822 418
239 771
79 647
275 99
179 167
25 717
564 111
526 942
721 797
271 186
800 108
350 62
948 727
708 652
305 793
553 240
696 285
3 935
589 101
127 185
262 365
948 339
36 893
701 219
239 169
17 303
114 314
443 50
530 398
698 813
552 601
70 990
776 955
229 755
554 350
355 988
657 302
773 531
387 582
221 925
280 14
222 718
625 730
973 815
104 559
498 201
442 621
237 195
584 180
427 552
687 825
160 293
733 91
972 260
824 76
859 76
459 331
74 65
393 695
74 511
946 719
846 880
916 814
558 250
843 369
930 878
489 91
147 734
940 488
883 591
86 74
107 831
731 197
702 618
906 174
193 315
590 163
434 94
264 791
953 387
397 640
565 994
377 196
115 750
595 128
303 428
662 721
165 922
333 895
477 633
237 238
215 40
66 818
145 105
187 133
539 142
968 557
820 403
571 256
520 3
981 347
131 537
761 338
441 154
719 903
5 384
273 15
969 477
707 325
956 729
219 17
396 510
696 1
445 270
885 894
385 572
512 161
44 543
12 300
133 637
976 239
341 372
819 160
379 871
808 861
780 638
494 395
949 794
560 439
39 47
376 665
27 160
662 987
410 101
56 412
471 700
209 933
853 920
486 793
101 346
346 504
502 976
208 32
612 857
440 377
357 344
297 930
595 238
687 672
58 622
10 118
50 563
986 780
19 999
734 759
515 403
535 394
15 105
408 459
978 572
919 905
556 236
135 202
114 543
799 264
871 209
339 604
374 291
456 213
21 436
310 427
86 776
689 256
245 24
541 783
974 473
698 682
780 966
477 659
249 774
833 554
745 13
823 544
777 661
900 966
205 913
77 375
74 275
783 348
526 377
454 977
132 405
326 361
543 257
723 152
570 790
544 598
887 728
738 965
174 506
555 255
838 89
216 638
98 929
861 320
465 24
500 63
472 750
107 774
550 48
289 551
777 761
250 500
49 150
853 983
559 653
475 345
314 647
954 453
499 292
76 294
530 176
320 605
285 221
305 915
365 463
750 768
542 711
979 176
278 390
641 33
152 891
74 360
192 206
868 312
917 752
477 804
296 889
296 321
333 768
99 306
581 16
359 724
23 76
549 881
147 654
240 36
112 809
490 508
514 671
174 419
200 410
690 179
195 798
398 415
671 811
503 984
274 906
665 736
766 259
46 238
98 96
27 485
957 939
197 429
756 328
133 335
813 24
102 2
586 588
999 153
279 577
952 528
481 341
339 370
113 900
290 907
435 323
554 428
552 85
146 664
273 775
945 163
697 197
982 386
444 195
933 984
503 458
602 170
300 498
202 858
154 772
892 557
516 478
310 386
22 834
278 72
357 939
455 783
643 970
36 300
846 885
290 996
435 453
162 452
683 308
516 83
323 152
986 171
138 315
293 907
529 714
777 897
84 768
507 860
388 12
972 115
13 855
818 27
286 332
614 734
142 22
117 469
928 400
717 11
128 932
796 104
38 712
46 915
448 225
903 889
238 350
172 532
952 216
720 948
958 327
345 369
648 854
862 626
656 733
87 147
505 804
353 538
296 722
503 649
376 458
743 4
1 684
732 82
135 764
58 885
213 818
93 122
262 232
907 648
638 883
231 69
285 554
851 395
335 561
361 528
116 45
517 997
809 471
947 607
350 285
884 225
786 770
919 679
123 306
134 463
105 903
253 449
524 80
138 639
751 502
898 656
62 561
713 606
770 735
17 665
300 6
624 930
765 489
742 94
168 995
456 986
366 872
718 170
424 45
787 649
1 229
219 891
956 8
439 290
16 950
48 625
367 694
175 73
320 531
720 719
328 282
849 442
950 709
714 298
933 339
836 306
189 644
149 327
99 729
539 709
969 597
940 271
156 677
28 833
768 586
800 309
858 802
351 157
920 172
518 425
991 223
862 872
523 256
194 528
749 285
555 431
609 141
486 322
502 785
137 61
180 625
418 163
302 459
380 23
43 129
281 605
972 992
393 739
14 889
372 729
54 618
686 206
980 999
154 915
216 337
451 565
841 998
123 798
932 243
272 733
636 274
802 847
636 560
199 183
245 836
972 212
847 391
943 53
983 620
831 23
251 877
182 66
497 327
580 111
719 673
669 55
823 178
231 888
369 660
592 997
869 653
101 600
556 768
721 958
331 194
392 88
1000 511
314 118
265 663
86 549
498 961
563 743
299 24
393 888
765 573
104 922
456 359
256 570
716 587
780 887
882 734
891 302
139 656
733 483
311 392
882 459
390 18
951 267
289 861
123 402
421 7
740 471
437 147
995 158
747 575
708 786
262 681
763 731
722 413
588 958
313 230
237 326
914 631
406 374
827 390
353 265
442 56
678 459
190 439
789 752
333 853
108 430
210 925
445 531
589 372
985 448
257 167
929 69
339 987
30 284
73 267
823 146
827 684
181 942
410 378
762 147
550 843
995 943
716 959
913 632
877 729
689 24
789 442
39 504
745 350
718 939
991 388
309 792
929 981
855 209
777 364
461 496
959 367
287 484
407 82
645 953
443 666
387 276
348 890
37 774
701 23
112 524
861 804
763 945
730 812
639 163
982 900
796 816
220 515
590 15
207 676
628 840
245 73
654 417
463 775
414 195
517 358
704 993
809 766
344 674
721 198
644 574
639 483
991 519
718 370
978 590
343 481
443 372
290 928
726 266
341 29
248 430
809 664
959 185
248 84
70 560
656 643
256 452
467 81
930 381
650 183
833 710
707 713
557 413
543 613
145 227
575 105
190 232
294 162
25 811
8 185
673 705
171 135
223 864
127 842
748 579
518 387
653 404
229 473
132 635
700 678
163 83
503 212
694 205
757 1
247 34
395 66
149 642
86 91
933 257
300 184
646 44
55 275
949 705
280 241
562 140
402 286
445 974
973 644
145 75
795 876
533 107
269 122
295 568
468 297
372 155
619 750
751 408
243 271
687 222
973 391
817 709
871 420
960 985
804 467
653 358
699 485
948 122
578 350
942 796
253 693
90 125
18 905
668 164
57 409
186 345
390 205
236 448
13 64
645 383
262 863
376 310
239 251
121 730
999 5
463 33
525 520
496 274
820 107
163 653
576 277
206 23
478 283
31 782
966 498
47 129
760 707
329 52
986 246
80 958
29 819
780 907
498 292
395 523
603 535
420 798
326 218
787 688
128 669
604 178
253 206
184 540
242 513
718 679
497 22
665 721
422 398
715 754
364 275
477 511
5 591
755 46
983 661
571 491
642 335
117 85
789 119
525 129
666 514
55 439
260 330
721 92
390 983
828 508
943 666
447 545
293 337
449 807
223 751
132 105
530 193
246 316
169 617
608 404
307 223
343 543
55 639
315 699
798 53
477 999
104 150
683 155
176 763
339 157
35 336
647 225
236 280
160 209
113 443
976 754
942 146
738 556
975 593
463 133
123 939
252 920
524 62
443 441
552 107
836 322
751 505
902 236
353 629
16 550
395 835
676 471
184 696
210 898
774 644
148 111
799 75
223 181
940 511
331 310
954 791
102 953
107 553
576 946
477 492
969 636
205 578
237 805
622 870
734 103
697 799
450 674
322 261
675 905
374 127
514 969
739 980
132 387
973 343
290 178
206 280
525 528
40 740
895 770
673 927
395 740
244 605
87 357
224 441
407 838
498 185
971 204
675 118
575 831
953 125
367 513
579 418
677 518
942 187
954 801
475 424
831 83
427 442
439 621
163 586
28 449
610 195
660 815
236 524
548 461
973 868
341 788
583 476
692 378
749 812
438 13
560 707
192 198
707 840
464 283
743 751
957 90
818 784
339 134
520 873
446 319
822 536
139 397
985 726
97 553
627 452
535 108
820 59
377 35
940 690
111 164
813 764
429 306
12 879
791 338
113 554
839 64
411 708
18 430
854 808
409 234
618 447
453 550
138 545
749 756
323 530
862 557
300 809
744 710
793 615
933 264
513 536
126 689
668 732
857 602
746 957
196 943
865 642
342 605
503 416
643 597
979 412
451 31
59 570
615 596
666 984
889 736
976 769
995 115
796 360
814 179
624 21
990 785
866 528
300 540
841 891
906 579
561 298
959 299
551 249
517 269
474 560
1 403
823 77
697 204
829 316
62 388
569 621
326 26
405 26
879 80
705 600
163 86
888 833
281 659
720 541
884 343
521 371
5 593
120 195
300 810
13 23
873 956
903 460
477 261
100 143
113 682
123 955
732 683
256 227
911 979
724 977
954 797
563 804
115 998
19 605
481 344
692 52
418 613
748 453
940 263
640 186
871 853
263 150
918 521
575 504
51 646
624 374
728 348
936 537
206 408
592 298
326 712
193 971
276 179
902 955
237 40
715 839
988 627
329 494
953 284
401 778
604 141
955 626
218 5
811 931
284 842
414 384
686 729
193 691
264 726
913 541
53 338
599 219
685 47
906 339
786 297
371 183
294 589
713 839
28 143
886 937
682 911
614 838
165 429
130 720
56 109
109 818
799 382
193 56
605 158
667 410
877 718
706 951
528 542
146 522
779 677
387 925
238 400
228 569
608 964
209 471
580 917
183 421
162 455
328 6
301 188
357 143
446 590
939 22
396 176
930 217
875 89
959 768
374 269
478 877
872 646
240 904
179 964
346 426
332 973
681 270
738 608
261 77
841 481
8 233
936 105
463 826
478 673
23 893
231 29
587 108
587 907
121 148
929 387
838 801
579 4
980 8
14 878
623 584
534 34
456 95
271 623
88 952
550 295
24 851
803 810
985 549
642 271
727 193
53 984
67 204
442 335
935 759
624 544
286 992
566 337
706 197
900 245
84 760
834 994
549 62
491 678
202 380
496 270
116 659
986 959
189 400
655 243
775 822
39 558
818 559
398 39
88 206
415 920
40 395
775 599
984 291
142 334
154 390
789 299
146 163
688 280
47 651
514 791
292 686
184 185
158 619
209 254
259 480
379 779
931 890
875 762
429 109
662 529
376 980
978 214
518 228
864 285
688 999
682 383
238 159
613 277
919 15
436 580
600 630
584 168
66 616
323 633
120 950
603 728
378 931
497 90
567 417
559 11
189 831
373 100
620 462
69 518
964 615
838 282
892 700
58 570
324 334
82 629
341 944
361 248
799 360
41 36
605 153
584 954
687 772
968 694
566 58
764 109
27 817
382 846
850 254
187 614
887 859
918 422
531 366
919 367
550 396
365 93
422 688
612 458
90 288
461 717
179 65
374 93
614 352
903 853
155 103
461 791
377 842
36 666
397 40
113 78
18 918
820 429
134 396
230 386
614 92
967 857
908 74
789 285
491 435
369 226
382 409
462 989
275 976
759 247
823 649
915 84
252 124
503 588
993 131
635 773
11 143
534 543
957 296
348 667
832 320
323 682
726 313
196 132
120 577
759 114
176 326
99 621
664 160
917 67
972 787
433 694
595 618
902 50
112 688
168 169
139 536
551 333
967 865
118 601
495 521
807 804
856 778
806 197
793 859
482 504
989 829
161 958
800 539
611 190
954 442
348 188
205 35
504 183
510 730
483 569
215 527
1000 478
789 846
602 563
784 60
158 67
957 423
844 342
525 97
254 168
834 652
104 235
185 766
680 679
170 181
14 749
224 121
45 382
441 692
235 176
866 800
576 806
400 966
896 176
399 488
524 190
929 212
909 885
98 909
784 308
388 873
426 708
358 756
945 446
798 683
571 257
336 75
549 379
382 91
470 274
146 526
504 164
475 639
188 439
378 695
39 621
828 768
918 284
715 451
880 811
789 83
52 698
848 510
721 212
35 859
658 574
119 160
628 22
640 238
160 772
809 897
235 687
901 769
709 950
206 953
856 714
542 404
948 752
306 442
955 376
820 489
439 747
420 453
389 780
226 672
474 942
942 542
693 297
681 653
600 484
617 380
341 507
927 666
91 912
723 51
87 552
720 543
317 39
83 817
580 71
47 923
705 37
680 641
219 440
60 582
233 267
947 359
611 776
469 158
887 255
206 757
948 267
609 403
765 994
911 372
322 654
325 813
77 367
440 540
914 828
52 639
463 474
711 760
240 3
898 348
763 572
463 812
288 503
513 50
463 888
810 448
882 548
523 109
582 235
241 392
603 672
992 472
163 485
342 312
153 494
789 18
579 508
177 790
737 7
585 847
172 940
696 724
938 467
194 43
895 512
942 970
402 593
166 565
219 94
710 598
523 204
525 458
66 369
749 335
823 832
497 370
581 820
439 380
436 84
865 864
96 978
781 813
952 998
963 938
388 349
307 185
656 499
967 115
322 729
857 667
65 632
663 127
950 105
522 567
663 408
317 953
882 478
938 330
626 521
873 27
448 90
39 574
512 253
608 654
411 967
136 28
682 720
906 686
852 122
273 112
499 552
954 554
701 520
119 924
339 816
277 180
651 55
947 488
214 36
407 557
976 891
728 216
33 822
683 768
391 5
451 967
84 71
793 922
887 268
466 574
947 693
861 845
109 822
994 930
211 44
277 416
499 691
189 871
840 909
546 47
696 271
440 173
865 28
36 801
496 796
549 578
552 384
603 487
384 415
179 824
431 234
375 209
524 748
23 820
700 51
34 434
370 735
417 993
981 524
981 819
21 96
474 664
843 80
137 899
234 505
686 56
216 474
636 758
310 963
962 462
350 218
155 642
148 742
410 928
846 470
960 316
997 504
326 746
392 184
81 246
745 972
512 824
627 122
44 234
550 848
726 393
218 130
254 756
79 187
493 414
567 947
368 567
309 637
200 196
720 222
218 195
356 80
316 69
994 262
135 236
977 214
39 710
922 25
793 889
341 846
215 650
277 150
432 427
235 79
86 396
853 886
971 210
735 576
528 203
44 848
593 736
718 189
777 713
162 366
711 544
770 236
705 334
325 126
746 806
903 397
661 323
27 735
67 929
877 899
243 875
463 301
664 476
743 569
685 686
267 660
730 41
317 523
588 885
336 928
155 461
954 268
158 754
983 33
714 245
732 318
435 336
597 426
69 442
367 739
386 985
47 700
743 264
240 971
302 305
111 585
558 270
462 113
508 886
358 592
120 786
807 549
915 372
906 416
125 856
36 633
589 258
270 713
181 684
343 382
701 156
374 461
22 354
167 491
557 393
736 596
318 148
186 447
392 752
781 864
599 486
307 996
736 823
738 483
338 786
496 295
366 990
97 840
603 338
585 497
363 574
336 516
207 586
696 244
266 765
860 532
261 450
522 723
336 44
308 557
677 246
893 937
772 254
152 181
136 483
264 339
132 761
757 984
87 929
508 97
384 882
6 744
824 5
949 825
321 697
992 582
185 666
680 722
466 779
283 539
651 364
833 978
581 802
725 311
803 846
369 904
678 845
489 139
44 108
694 148
895 971
388 391
573 170
920 996
296 739
851 24
958 454
266 451
711 787
27 563
273 14
796 86
897 696
832 686
98 31
728 445
440 601
101 72
296 266
24 739
731 414
186 830
537 915
275 803
282 275
104 672
881 407
362 848
885 553
386 188
40 592
162 670
545 594
390 286
867 309
580 254
901 857
660 759
578 435
204 229
5 83
599 856
544 910
356 459
896 961
472 499
666 397
181 217
679 144
72 383
67 196
182 283
69 890
444 660
71 788
490 96
112 147
242 50
742 121
780 896
391 312
832 615
327 545
507 858
523 76
247 287
502 836
665 428
687 725
31 28
488 104
749 239
67 16
308 459
295 31
236 969
197 43
800 468
169 575
972 928
812 779
765 549
765 183
253 916
792 186
638 386
527 216
773 843
622 868
485 919
802 350
181 922
622 462
693 310
975 260
286 404
745 494
678 993
79 103
945 973
327 136
317 166
261 428
232 65
387 200
248 511
647 623
589 844
989 145
184 980
967 191
145 228
975 497
62 705
73 796
124 79
680 995
949 132
202 309
513 925
584 119
996 475
801 216
123 810
844 4
507 422
703 668
475 457
902 297
87 126
752 682
950 797
450 593
35 904
643 881
541 903
452 885
959 466
1000 465
664 55
908 401
777 46
407 740
657 977
67 875
682 108
779 900
885 935
871 222
831 817
929 906
208 815
856 92
40 965
918 697
261 626
840 608
24 995
940 364
58 11
355 154
985 943
79 36
317 985
500 438
149 139
621 634
449 396
695 504
133 269
356 232
585 129
901 555
832 805
556 177
705 874
59 792
848 620
845 4
246 440
293 120
35 522
701 489
133 237
53 634
279 819
872 158
404 507
600 760
313 507
695 899
734 258
590 473
47 227
73 74
225 574
246 760
518 978
824 18
729 88
497 413
542 992
674 330
815 4
854 893
784 118
736 759
262 959
452 869
541 325
788 754
804 269
263 205
324 894
410 566
106 861
972 997
539 530
817 901
744 221
435 813
368 247
967 545
165 761
789 89
380 851
98 524
102 153
812 431
828 73
634 749
830 29
327 985
716 445
597 464
18 919
135 261
321 663
458 337
718 116
714 472
971 431
654 200
630 455
344 244
407 732
899 176
494 973
981 914
53 58
538 375
803 155
21 966
536 776
250 323
925 80
601 559
305 945
264 342
460 578
279 12
896 186
77 461
997 730
708 398
445 889
788 909
923 866
32 34
196 612
174 308
819 214
602 89
347 385
235 547
835 908
290 480
902 891
568 473
675 248
19 900
640 510
204 651
278 383
792 429
115 910
996 545
374 60
737 687
308 219
123 730
412 629
466 698
823 428
22 148
614 298
251 364
447 739
273 628
905 232
305 805
253 109
326 737
191 299
738 734
430 341
431 559
710 513
712 360
977 140
741 766
59 444
13 853
587 446
164 651
656 199
540 177
992 685
256 915
445 836
419 112
295 411
939 252
854 372
879 333
531 284
27 549
324 706
472 271
980 64
967 998
982 792
210 268
173 812
528 140
620 854
29 14
454 555
285 451
714 569
947 435
117 876
952 754
454 611
848 178
569 457
19 10
383 756
149 895
13 688
346 616
687 282
434 840
741 961
529 147
14 384
672 958
757 700
791 922
709 653
45 29
895 61
769 902
368 764
734 544
216 610
552 983
500 666
785 589
890 929
537 42
559 821
947 979
215 98
299 42
801 807
295 699
710 749
256 767
343 726
415 911
881 88
568 915
47 985
866 716
209 726
115 923
344 742
872 342
17 344
663 10
25 81
379 122
71 476
393 675
544 226
18 551
773 416
454 325
825 867
800 459
37 193
958 821
611 758
360 480
196 940
980 818
799 998
337 218
178 501
55 843
870 577
196 643
776 179
305 43
524 840
519 760
541 909
739 197
511 338
502 870
37 538
270 243
372 532
37 17
556 169
288 133
418 900
787 426
317 269
849 654
190 512
687 805
149 433
606 51
808 405
557 370
695 794
740 597
612 60
615 259
709 225
906 67
761 544
902 989
865 989
851 495
821 108
158 498
577 664
570 208
674 115
355 420
181 222
861 448
381 336
918 164
188 569
544 974
243 568
754 178
924 696
210 513
22 815
1 868
764 622
424 564
928 327
492 884
600 649
360 545
117 806
30 458
782 811
977 4
898 879
102 189
677 992
500 56
587 990
217 984
802 797
937 962
322 183
526 441
78 824
971 98
235 389
391 717
186 239
332 815
166 438
433 812
582 362
332 550
429 409
224 847
375 414
309 473
75 317
542 388
228 545
220 274
837 364
996 266
871 754
9 828
232 115
338 550
499 393
884 250
185 32
912 144
670 662
463 523
879 635
925 343
397 588
7 472
401 886
235 87
181 575
367 969
987 120
750 980
960 434
10 667
107 931
920 584
958 282
979 180
232 918
201 573
965 715
995 259
956 109
339 674
83 957
873 721
894 7
503 564
938 720
872 470
352 522
892 853
447 641
778 537
608 228
326 398
359 369
956 247
863 857
413 259
373 686
798 278
770 254
507 599
141 514
369 506
426 683
19 528
951 790
473 976
967 167
847 414
55 251
661 645
656 302
987 325
361 289
714 792
740 321
361 215
616 910
564 179
449 661
717 750
573 608
350 209
312 339
50 873
681 660
186 281
947 398
590 105
677 338
174 373
637 464
305 721
109 672
329 812
591 262
202 694
190 76
254 726
100 510
7 135
197 866
159 984
926 971
474 428
142 326
945 284
650 303
179 253
725 716
39 571
375 434
346 321
425 986
803 742
765 756
255 913
128 169
239 701
745 137
366 424
70 15
680 129
559 382
3 702
548 448
772 775
613 252
803 558
228 136
397 536
135 1
621 414
366 630
506 624
187 305
604 30
239 991
880 514
396 121
110 585
911 709
12 861
940 197
49 841
211 961
524 403
949 699
334 382
146 421
327 976
590 90
76 725
320 409
214 7
982 411
353 141
876 600
453 769
66 255
118 466
322 651
480 652
594 712
304 545
95 853
194 236
179 791
879 948
246 429
581 924
147 797
221 879
989 698
848 119
513 285
471 859
430 298
204 471
767 971
692 188
201 973
965 319
618 314
565 357
480 387
69 948
560 995
376 77
113 901
53 366
578 889
485 526
124 636
424 238
278 644
248 606
459 293
964 802
187 910
946 586
422 706
278 784
458 684
635 969
630 605
67 782
239 848
19 350
136 792
670 758
291 434
724 919
396 846
118 931
641 564
377 846
235 335
966 992
86 493
397 205
696 707
300 425
21 105
55 454
509 732
259 858
186 688
323 423
537 279
9 471
705 983
364 673
469 767
42 493
400 334
144 603
53 699
530 160
266 276
748 150
860 59
70 518
815 717
327 408
87 461
859 477
698 502
567 5
805 37
398 456
894 549
942 247
470 138
998 753
891 445
119 304
45 254
707 753
913 45
336 37
312 121
244 886
299 911
581 901
495 952
863 579
924 918
514 751
287 954
158 501
214 829
513 592
957 472
851 145
97 787
818 946
856 751
83 139
800 283
203 704
250 389
502 392
693 411
569 48
78 300
55 329
812 673
985 973
928 890
617 976
581 565
838 475
398 99
124 511
467 65
993 259
970 859
714 117
602 531
842 185
190 81
447 690
780 453
635 127
136 572
4 721
261 985
474 180
446 662
928 508
38 188
366 589
657 508
995 320
26 628
777 917
880 133
892 84
68 414
937 489
758 185
907 922
781 516
459 608
49 3
741 862
278 865
200 423
642 196
230 708
380 531
998 375
161 497
290 769
656 982
199 472
662 242
857 331
395 919
419 212
165 944
517 199
901 328
529 936
925 775
457 615
841 291
861 290
137 613
533 471
167 482
352 905
489 273
398 629
327 826
250 770
305 670
574 626
691 925
983 113
903 343
959 62
214 230
637 394
853 327
295 954
125 218
497 422
182 66
723 18
177 806
437 853
678 960
762 771
889 748
21 165
959 647
99 257
82 881
947 507
942 917
478 49
96 826
714 785
718 448
509 642
806 801
908 157
56 962
322 705
246 559
747 203
351 744
148 289
995 110
343 181
655 289
451 644
142 454
548 293
205 85
149 444
143 48
974 704
106 98
188 576
102 426
237 55
991 420
809 265
81 175
580 468
308 397
160 107
978 681
56 525
645 451
721 558
99 369
514 679
266 519
111 399
134 3
435 57
931 825
155 128
612 483
550 184
327 750
315 532
420 527
255 412
48 967
314 764
76 352
23 620
899 856
557 189
401 52
64 179
331 167
906 173
193 833
236 316
362 362
266 440
60 908
515 392
118 56
638 364
169 873
873 803
15 446
42 948
805 743
969 921
473 626
842 944
550 659
829 66
133 204
770 387
54 769
586 887
758 132
246 931
821 288
44 289
772 831
150 802
305 527
30 17
185 653
453 107
245 374
297 911
90 474
990 138
913 386
76 500
783 33
310 588
499 782
272 178
224 534
801 117
972 359
719 654
292 579
854 785
209 143
49 410
118 308
7 663
74 894
576 786
9 122
400 758
98 182
305 404
20 501
326 164
515 468
435 603
480 734
735 325
538 92
545 322
605 835
502 608
947 770
110 518
596 40
225 221
130 654
20 225
984 287
266 411
765 718
718 161
845 474
506 880
851 662
969 695
627 461
230 167
683 681
122 651
679 543
575 629
791 407
45 380
697 607
886 462
330 547
53 680
569 348
679 758
954 793
984 167
230 580
644 21
208 512
213 216
513 450
31 521
786 935
760 596
939 931
5 693
594 944
443 262
992 451
140 232
600 123
68 614
58 422
725 614
391 455
834 229
690 12
494 578
835 304
582 651
223 604
96 165
900 202
20 551
685 796
601 388
664 907
134 508
445 446
793 538
176 718
900 211
809 474
550 718
81 356
485 609
68 491
77 19
202 888
467 404
353 561
85 867
263 421
62 899
208 231
979 130
195 754
240 440
421 300
586 523
625 302
546 311
221 70
709 797
208 804
353 667
837 494
320 141
186 643
814 344
215 221
910 410
598 898
755 719
354 642
347 589
177 980
794 610
297 927
176 993
753 726
249 41
835 883
500 832
181 341
188 940
494 81
898 583
120 506
534 972
499 667
428 421
225 545
937 729
12 186
751 982
410 48
1 653
918 973
11 995
204 426
698 685
174 682
482 372
63 55
382 602
460 438
295 822
893 897
292 997
451 440
66 97
263 763
228 565
671 8
112 460
378 558
372 83
978 331
414 158
814 130
887 704
227 611
848 2
352 612
746 775
771 106
273 159
79 898
559 912
611 901
666 674
682 742
361 264
729 758
195 100
611 375
322 897
937 657
689 715
94 705
599 120
625 660
978 657
584 550
732 514
853 385
651 760
796 794
620 768
40 798
812 334
768 520
364 426
232 387
967 873
973 802
694 532
231 977
588 333
513 114
527 292
433 695
724 282
191 981
756 888
115 583
222 839
433 509
425 910
858 86
984 338
584 990
750 266
676 570
319 253
190 472
993 835
567 38
180 872
500 596
28 227
26 34
300 309
415 289
681 690
371 190
466 634
525 663
446 421
598 584
292 379
186 253
317 682
151 407
67 347
287 586
796 184
720 479
690 641
15 786
676 244
399 57
310 739
518 995
728 140
520 599
432 386
669 4
920 398
152 748
944 766
138 458
444 407
262 724
783 800
744 812
588 580
184 531
931 818
826 614
330 585
756 619
295 650
713 93
430 911
307 993
709 529
595 991
37 326
32 808
314 657
448 16
448 251
81 783
884 309
80 904
791 479
76 442
435 283
873 423
315 572
337 742
48 266
833 187
141 532
404 981
145 310
17 847
346 613
772 843
965 112
948 788
769 934
931 367
425 996
384 142
323 135
280 281
227 991
942 314
192 532
62 437
731 235
810 322
362 592
185 779
855 266
797 168
770 132
415 977
186 782
590 112
839 978
335 253
499 53
370 20
66 868
691 197
628 449
632 890
572 320
416 48
953 400
612 604
344 776
422 335
612 766
670 999
401 182
873 526
861 726
634 541
396 11
940 885
134 437
588 799
684 255
554 480
3 131
150 877
339 384
985 766
960 648
52 460
687 461
9 365
966 290
621 556
436 228
638 878
383 238
857 715
172 485
646 921
140 305
333 732
534 245
228 885
175 51
618 733
778 923
568 166
601 246
911 356
576 527
299 602
902 824
363 177
633 90
138 776
242 820
226 218
711 290
715 914
89 435
490 483
435 513
576 683
807 415
448 115
837 827
367 616
699 427
870 210
352 301
434 359
99 897
836 756
97 513
617 737
886 720
544 624
824 965
41 703
190 865
198 907
56 86
888 98
500 43
38 813
869 770
2 885
864 740
280 556
489 236
58 259
600 626
62 222
16 7
1000 203
999 982
101 414
962 864
656 911
500 563
957 641
921 308
487 408
886 906
138 527
889 12
104 335
625 312
44 110
884 795
267 855
681 66
647 762
329 178
676 598
212 750
162 334
93 303
834 785
209 434
449 631
352 297
670 418
728 950
914 767
862 563
759 637
701 391
227 130
434 389
48 320
96 542
465 971
102 614
840 90
393 340
357 296
543 262
433 994
979 825
268 562
76 814
596 488
92 780
532 936
66 915
682 117
294 137
815 641
433 267
768 77
985 766
413 937
55 644
675 658
330 513
382 235
419 760
552 953
611 673
749 315
224 240
583 845
602 251
765 220
172 250
232 699
993 889
593 165
488 912
711 964
240 193
469 415
290 8
479 670
740 476
304 78
672 242
519 40
824 143
52 911
663 416
944 777
487 930
670 359
187 204
135 893
436 947
528 565
667 739
213 36
969 665
46 39
149 882
657 788
996 501
655 237
914 271
724 198
990 969
540 48
455 235
690 845
713 79
403 880
603 461
992 846
699 290
114 801
446 564
808 464
427 724
787 865
839 700
75 85
81 664
800 371
837 866
128 794
624 172
497 267
800 62
916 153
676 561
627 803
746 430
347 110
563 495
396 629
563 535
481 365
16 425
539 633
321 61
368 296
628 74
94 879
342 194
367 144
310 323
761 965
728 447
455 196
660 490
862 80
692 819
944 313
612 786
287 438
998 270
253 136
947 348
636 894
964 432
238 536
737 262
155 128
325 201
929 84
530 173
661 291
16 783
699 218
119 990
824 953
362 815
118 444
211 171
148 468
242 203
309 849
213 611
295 141
107 482
3 495
760 654
513 532
61 576
891 275
403 614
4 451
648 159
219 273
42 671
733 205
625 912
330 169
179 81
480 618
745 864
468 897
328 582
684 734
122 771
957 268
399 718
228 13
192 419
604 241
533 557
186 434
796 364
99 640
908 183
560 133
578 65
357 723
681 213
734 606
278 793
363 429
413 959
730 416
474 212
127 239
244 257
401 91
660 565
583 646
694 986
196 769
75 490
510 830
778 534
298 741
4 528
281 790
524 354
436 162
73 222
217 7
214 620
40 811
482 815
844 882
963 730
159 406
494 508
571 207
320 901
612 876
875 841
170 100
840 897
657 244
660 849
904 312
199 427
110 47
663 520
336 447
175 729
898 222
589 308
472 347
473 815
715 76
183 319
335 382
532 973
442 255
909 573
900 28
494 969
376 704
999 530
346 225
221 957
758 173
290 511
241 184
172 193
994 864
997 779
859 119
779 411
623 872
69 793
400 534
109 74
15 654
706 943
634 82
356 499
622 108
14 150
348 479
