1 189
1 31
1 414
1 454
1 473
1 514
1 550
1 588
1 681
1 760
1 793
1 912
2 134
2 396
2 446
2 621
2 722
2 782
2 802
2 857
2 888
2 905
2 936
3 151
3 176
3 312
3 353
3 385
3 443
3 486
3 596
3 598
3 926
4 138
4 231
4 35
4 430
4 454
4 582
4 627
4 69
5 167
5 420
5 451
5 516
5 552
5 585
5 592
5 600
5 63
5 660
5 998
6 102
6 142
6 385
6 446
6 446
6 470
6 49
6 623
6 712
6 999
7 115
7 194
7 361
7 452
7 552
7 747
7 797
7 830
7 938
8 126
8 134
8 226
8 259
8 283
8 348
8 435
8 45
8 477
8 478
8 756
8 811
9 238
9 283
9 316
9 335
9 391
9 511
9 708
9 726
9 973
10 29
10 380
10 546
10 645
10 695
10 70
10 822
10 871
10 882
10 887
11 286
11 30
11 300
11 336
11 40
11 631
11 711
11 763
11 774
11 8
11 936
11 938
12 101
12 513
12 521
12 546
12 627
12 674
12 694
12 718
12 901
12 903
13 103
13 150
13 212
13 231
13 274
13 295
13 420
13 512
13 637
13 750
13 899
13 908
14 240
14 262
14 348
14 356
14 4
14 630
14 676
14 732
14 8
14 865
14 876
14 92
14 93
14 963
15 280
15 299
15 312
15 329
15 385
15 420
15 438
15 574
15 755
15 760
16 118
16 196
16 502
16 744
16 766
16 828
16 917
17 112
17 115
17 269
17 371
17 392
17 557
17 625
17 859
18 171
18 321
18 331
18 387
18 757
18 797
18 883
19 215
19 326
19 366
19 521
19 550
19 995
20 100
20 13
20 150
20 251
20 457
20 505
20 520
20 542
20 544
20 703
20 708
20 840
20 9
20 969
21 209
21 409
21 548
21 554
21 555
21 606
21 637
21 674
21 692
21 794
21 815
21 970
21 986
22 126
22 199
22 206
22 310
22 412
22 525
22 556
22 798
22 940
23 163
23 231
23 24
23 30
23 338
23 344
23 466
23 522
23 55
23 611
23 626
23 641
23 702
23 721
23 760
23 782
23 830
23 840
23 876
23 894
24 111
24 19
24 238
24 253
24 263
24 3
24 300
24 355
24 399
24 483
24 614
24 636
24 65
24 747
24 927
24 967
25 280
25 336
25 466
25 470
25 533
25 666
25 699
25 77
25 890
25 957
26 140
26 163
26 181
26 201
26 489
26 584
26 599
27 125
27 287
27 477
27 674
27 679
27 709
27 931
28 124
28 166
28 316
28 323
28 384
28 468
28 614
28 659
28 721
28 74
28 774
28 821
28 849
29 183
29 198
29 391
29 401
29 413
29 660
29 691
29 775
29 844
29 892
30 247
30 529
30 56
30 679
30 811
30 84
30 984
30 995
31 495
31 513
31 540
31 579
31 631
31 667
31 758
31 792
31 809
31 923
31 967
32 186
32 210
32 363
32 467
32 621
32 751
32 894
33 15
33 21
33 274
33 284
33 431
33 569
33 602
33 608
33 678
33 704
33 748
33 795
33 951
34 273
34 277
34 457
34 596
34 656
34 666
34 836
34 842
35 182
35 241
35 37
35 397
35 534
35 669
36 157
36 220
36 245
36 601
36 649
36 776
36 796
36 850
36 912
36 957
36 982
37 260
37 351
37 482
37 552
37 558
37 634
37 674
37 676
37 738
38 130
38 144
38 23
38 29
38 306
38 568
38 654
38 769
38 911
39 200
39 347
39 372
39 405
39 475
39 635
39 828
39 87
39 884
39 925
39 957
40 110
40 18
40 238
40 238
40 240
40 265
40 320
40 478
40 494
40 573
40 612
40 7
40 719
40 762
40 798
40 936
40 957
41 149
41 283
41 379
41 426
41 460
41 605
41 774
41 835
41 948
41 962
42 205
42 23
42 276
42 297
42 528
42 590
42 64
42 808
42 870
42 948
42 954
43 118
43 150
43 179
43 20
43 372
43 392
43 396
43 427
43 434
43 453
43 565
43 594
43 613
43 720
43 732
43 890
43 9
43 973
44 165
44 208
44 218
44 504
44 506
44 612
44 887
44 903
45 22
45 343
45 415
45 439
45 516
45 643
45 655
45 670
45 673
45 691
45 797
46 435
46 581
46 619
46 622
46 647
46 684
46 730
46 805
46 849
46 927
47 117
47 120
47 289
47 305
47 364
47 788
47 818
47 858
47 901
47 955
48 139
48 193
48 278
48 37
48 554
48 599
48 815
48 844
48 882
48 935
49 13
49 181
49 195
49 215
49 294
49 300
49 522
49 549
49 582
49 619
49 624
49 818
49 873
49 899
49 9
49 920
50 163
50 229
50 233
50 241
50 258
50 453
50 59
50 595
50 6
50 674
50 708
50 75
50 791
51 266
51 279
51 285
51 58
51 582
51 595
51 733
51 937
52 165
52 177
52 422
52 515
52 521
52 623
52 639
52 652
52 714
52 89
52 896
52 93
53 147
53 181
53 219
53 230
53 361
53 595
53 65
53 691
53 703
53 723
53 786
53 799
54 250
54 261
54 269
54 326
54 518
54 712
54 843
55 281
55 548
55 575
55 698
55 778
55 8
55 884
55 891
55 897
55 990
55 992
56 24
56 347
56 472
56 486
56 511
56 532
56 563
56 575
56 614
56 69
56 701
56 770
56 772
56 951
56 978
57 122
57 14
57 183
57 291
57 331
57 371
57 372
57 423
57 582
57 589
57 6
57 602
57 608
57 644
57 655
57 754
57 832
57 876
57 885
57 898
58 119
58 173
58 223
58 429
58 625
58 82
58 850
58 942
58 95
58 988
59 130
59 161
59 310
59 511
59 519
59 857
60 131
60 167
60 423
60 475
60 579
60 69
60 699
61 150
61 231
61 363
61 385
61 389
61 394
61 515
61 559
61 60
61 627
61 740
61 753
61 766
61 845
61 884
61 946
62 111
62 140
62 249
62 37
62 396
62 437
62 559
62 811
62 93
62 968
63 146
63 284
63 454
63 615
63 662
63 828
63 937
63 94
63 959
63 98
64 130
64 148
64 353
64 376
64 578
64 602
64 673
64 697
64 97
64 976
65 265
65 324
65 45
65 488
65 563
65 583
65 656
65 660
65 767
65 827
65 835
65 910
65 940
65 941
66 180
66 250
66 358
66 830
66 924
66 954
67 109
67 215
67 297
67 359
67 631
67 831
67 847
68 306
68 329
68 335
68 567
68 650
68 676
68 976
69 135
69 375
69 560
69 698
69 700
69 768
70 11
70 113
70 227
70 587
70 688
70 798
70 820
70 886
70 964
71 530
71 670
71 684
71 957
72 115
72 143
72 152
72 234
72 267
72 387
72 738
72 834
72 84
72 997
73 139
73 215
73 593
73 747
74 323
74 42
74 426
74 432
74 594
74 618
74 65
74 699
74 711
74 751
74 762
74 802
75 117
75 30
75 334
75 463
75 476
75 590
75 649
75 694
76 173
76 226
76 260
76 563
76 625
76 669
76 723
76 823
76 892
77 123
77 153
77 219
77 312
77 325
77 354
77 430
77 444
77 466
77 476
77 486
77 592
77 600
77 628
77 931
78 235
78 461
78 514
78 519
78 688
78 860
78 925
78 947
78 99
79 129
79 13
79 201
79 402
79 502
79 519
79 572
79 665
79 689
79 777
80 127
80 19
80 261
80 37
80 408
80 424
80 611
80 723
80 729
80 74
80 882
81 18
81 350
81 587
81 609
81 753
81 907
82 18
82 358
82 376
82 426
82 539
82 604
82 691
82 7
82 741
82 8
82 808
82 822
82 859
82 869
82 890
82 951
83 137
83 140
83 171
83 216
83 369
83 44
83 568
83 609
83 609
83 645
83 690
83 693
83 834
83 931
84 232
84 255
84 265
84 375
84 459
84 645
84 718
84 719
84 830
84 973
85 152
85 290
85 37
85 534
85 542
85 550
85 633
85 651
85 685
85 714
85 74
85 822
85 850
85 862
85 927
85 979
86 10
86 100
86 130
86 145
86 188
86 234
86 308
86 486
86 72
86 764
86 786
87 133
87 153
87 365
87 437
87 613
87 648
88 11
88 156
88 187
88 213
88 281
88 350
88 380
88 412
88 434
88 602
88 641
88 970
88 970
89 17
89 177
89 295
89 302
89 355
89 374
89 524
89 648
89 667
89 809
89 864
89 870
90 213
90 252
90 332
90 408
90 45
90 498
90 565
90 662
90 7
90 728
90 86
90 945
90 983
90 99
91 131
91 190
91 304
91 41
91 499
91 593
91 977
91 999
92 114
92 295
92 487
92 506
92 517
92 554
92 702
92 710
92 974
93 128
93 227
93 404
93 492
93 519
93 596
93 630
93 633
93 698
93 868
93 891
94 49
94 510
94 694
94 842
94 951
95 213
95 246
95 274
95 287
95 472
95 660
95 900
95 926
96 146
96 358
96 575
96 647
96 714
96 736
96 789
96 82
96 869
96 88
97 119
97 192
97 461
97 6
97 695
97 708
97 838
97 90
97 968
98 119
98 132
98 185
98 233
98 295
98 299
98 338
98 357
98 528
98 529
98 596
98 737
98 901
99 102
99 205
99 208
99 364
99 486
99 535
99 580
99 880
99 893
99 935
100 133
100 207
100 234
100 310
100 506
100 531
100 558
100 560
100 619
100 621
100 779
100 984
101 101
101 120
101 23
101 242
101 370
101 549
101 815
101 875
102 109
102 178
102 212
102 333
102 459
102 493
102 613
102 884
102 91
102 997
103 119
103 159
103 201
103 307
103 410
103 411
103 553
103 583
103 607
103 629
103 629
103 700
103 704
103 752
103 78
103 831
103 908
104 208
104 242
104 262
104 309
104 521
104 589
104 620
104 992
105 188
105 264
105 501
105 518
105 644
105 682
105 754
105 795
105 853
105 921
106 152
106 210
106 339
106 352
106 408
106 41
106 413
106 481
106 612
106 655
106 662
106 756
106 802
106 952
107 104
107 242
107 249
107 594
107 623
107 715
107 723
107 76
107 776
107 894
107 910
108 128
108 136
108 236
108 243
108 27
108 404
108 405
108 455
108 475
108 532
108 569
108 63
108 660
108 673
108 832
108 892
108 896
108 925
108 929
109 102
109 129
109 182
109 220
109 220
109 260
109 263
109 355
109 399
109 48
109 65
109 666
109 685
109 713
109 879
109 887
110 105
110 316
110 59
110 596
110 776
110 888
110 91
110 939
110 955
111 145
111 196
111 26
111 293
111 440
111 578
111 908
111 96
112 141
112 281
112 330
112 419
112 44
112 748
112 773
112 83
112 83
112 845
112 851
112 902
113 216
113 237
113 275
113 287
113 300
113 46
113 494
113 636
113 719
113 735
113 849
114 120
114 327
114 459
114 53
114 666
114 679
114 705
114 809
115 346
115 374
115 46
115 469
115 485
115 629
115 728
115 790
115 901
115 908
116 106
116 207
116 377
116 45
116 547
116 735
116 842
116 973
117 125
117 169
117 19
117 433
117 46
117 478
117 492
117 626
117 664
117 667
117 984
118 162
118 222
118 278
118 399
118 457
118 496
118 526
118 63
119 124
119 243
119 286
119 312
119 335
119 411
119 457
119 556
119 626
119 651
119 706
119 77
119 90
119 920
120 255
120 331
120 374
120 379
120 398
120 40
120 469
120 493
120 571
120 7
120 739
120 841
120 870
121 173
121 236
121 275
121 359
121 485
121 637
121 643
121 735
121 790
121 83
121 843
122 149
122 16
122 176
122 238
122 342
122 445
122 466
122 577
122 650
122 804
122 952
123 130
123 135
123 146
123 149
123 152
123 380
123 459
123 534
123 689
123 785
123 824
123 869
123 951
124 150
124 333
124 385
124 454
124 556
124 735
124 773
124 81
124 976
125 112
125 283
125 290
125 314
125 332
125 471
125 569
125 601
125 744
125 887
126 288
126 327
126 480
126 643
126 674
126 68
126 697
126 764
126 861
127 249
127 309
127 496
127 629
127 846
127 872
127 884
127 91
128 409
128 422
128 427
128 808
128 850
128 874
128 951
129 113
129 132
129 505
129 533
129 563
129 620
129 652
129 663
129 759
129 824
129 865
129 868
129 880
129 99
129 999
130 132
130 297
130 298
130 307
130 4
130 438
130 531
130 704
130 845
131 114
131 272
131 359
131 459
131 547
131 701
131 73
131 936
131 988
132 244
132 262
132 281
132 339
132 340
132 342
132 548
132 579
132 604
132 722
132 837
132 929
132 950
132 989
133 101
133 189
133 243
133 263
133 27
133 334
133 71
133 797
133 833
134 199
134 237
134 301
134 305
134 382
134 558
134 814
134 856
135 203
135 314
135 4
135 402
135 545
135 612
135 661
135 826
135 928
135 97
135 998
136 147
136 195
136 404
136 436
136 485
136 561
136 661
136 760
136 827
136 848
136 865
136 921
136 946
136 983
137 228
137 271
137 431
137 465
137 558
137 56
137 675
137 755
137 766
137 791
137 855
137 870
138 205
138 234
138 782
138 824
138 841
138 996
139 154
139 182
139 2
139 25
139 768
139 924
140 171
140 350
140 413
140 424
140 496
140 782
140 819
140 824
140 883
140 901
140 961
141 27
141 373
141 433
141 461
141 576
141 666
141 767
141 778
141 785
142 129
142 140
142 358
142 463
142 604
142 648
142 653
142 719
142 726
142 855
142 976
143 160
143 207
143 207
143 260
143 278
143 343
143 454
143 680
143 81
143 829
143 855
144 117
144 223
144 533
144 581
144 613
144 65
144 699
145 106
145 242
145 339
145 381
145 470
145 583
145 598
145 684
145 80
145 820
145 895
145 909
146 120
146 140
146 160
146 327
146 327
146 351
146 418
146 671
146 866
147 25
147 265
147 296
147 413
147 435
147 716
147 717
147 72
147 721
147 803
147 971
148 884
149 11
149 118
149 174
149 321
149 367
149 500
149 617
149 639
149 724
149 726
149 763
149 784
149 98
150 123
150 144
150 209
150 34
150 604
150 615
150 716
150 792
150 943
151 256
151 351
151 493
151 52
151 562
151 678
151 730
151 808
151 908
152 176
152 396
152 505
152 624
152 637
152 706
152 771
152 919
152 920
153 15
153 261
153 282
153 334
153 52
153 64
153 670
153 73
153 739
154 122
154 137
154 452
154 47
154 505
154 609
154 652
154 745
154 860
154 896
154 931
154 95
155 140
155 337
155 608
155 617
155 74
155 886
155 89
155 948
155 969
156 203
156 406
156 523
156 689
156 730
156 847
156 859
156 983
157 254
157 285
157 387
157 411
157 470
157 498
157 542
157 620
157 677
157 708
157 774
158 126
158 204
158 389
158 643
158 755
159 15
159 212
159 310
159 353
159 401
159 405
159 462
159 576
159 662
159 720
159 798
159 818
159 960
159 972
160 146
160 201
160 244
160 301
160 320
160 34
160 351
160 443
160 541
160 621
160 635
160 697
160 808
160 864
160 886
160 897
161 175
161 176
161 29
161 406
161 563
161 619
161 885
161 898
162 174
162 319
162 45
162 522
162 692
162 776
162 799
162 805
162 885
163 167
163 470
163 567
163 770
163 852
163 865
164 173
164 283
164 338
164 351
164 358
164 381
164 41
164 595
164 675
164 681
165 109
165 151
165 330
165 339
165 385
165 735
165 82
165 855
165 975
166 101
166 264
166 427
166 447
166 488
166 795
166 839
166 929
167 396
167 540
167 635
167 755
167 957
167 999
168 473
168 473
168 514
168 608
168 735
168 767
168 841
168 953
168 996
169 143
169 348
169 495
169 529
169 600
169 75
169 782
169 818
169 823
169 899
169 93
170 15
170 27
170 356
170 386
170 387
170 613
170 680
170 696
170 702
170 828
170 829
170 879
170 90
171 101
171 214
171 281
171 319
171 441
171 754
171 959
172 110
172 261
172 497
172 531
172 665
172 86
172 930
172 938
172 957
172 973
173 276
173 289
173 307
173 326
173 440
173 764
173 773
173 801
173 810
173 868
173 934
174 106
174 279
174 313
174 404
174 423
174 427
174 486
174 648
174 680
174 775
175 133
175 293
175 313
175 316
175 316
175 404
175 407
175 642
175 722
175 8
175 953
176 121
176 316
176 42
176 522
176 573
176 669
176 678
176 679
176 722
176 778
176 819
176 88
177 172
177 235
177 262
177 303
177 496
177 744
177 822
177 862
177 871
177 902
177 934
177 956
177 961
177 963
178 124
178 381
178 563
178 591
178 620
178 663
178 728
178 881
178 977
179 1
179 181
179 236
179 294
179 341
179 425
179 541
179 650
179 71
179 722
179 845
179 986
179 989
180 111
180 263
180 284
180 372
180 394
180 688
180 865
180 90
180 906
180 917
180 951
180 958
180 975
180 999
181 116
181 118
181 179
181 196
181 256
181 419
181 430
181 653
181 684
181 80
181 852
181 891
181 94
181 963
182 108
182 142
182 421
182 607
182 659
182 661
182 719
182 798
183 114
183 172
183 221
183 226
183 310
183 775
183 796
183 817
184 138
184 168
184 553
184 618
184 669
184 752
184 812
184 897
185 301
185 309
185 494
185 704
185 71
185 784
185 847
185 976
185 979
186 17
186 192
186 210
186 273
186 386
186 439
186 466
186 479
186 552
186 58
186 590
186 655
186 771
186 915
186 96
187 416
187 49
187 511
187 641
187 705
187 828
187 839
187 97
188 197
188 25
188 391
188 752
188 757
188 915
188 956
189 193
189 507
189 511
189 532
189 787
189 850
189 986
190 191
190 22
190 236
190 341
190 342
190 357
190 462
190 495
190 73
190 74
190 971
191 186
191 259
191 263
191 387
191 559
191 595
191 946
191 996
192 131
192 135
192 470
192 564
192 649
192 705
192 831
192 837
192 854
192 891
192 964
193 324
193 398
193 475
193 69
193 699
193 751
193 768
194 211
194 476
194 523
194 559
194 832
195 194
195 254
195 302
195 325
195 355
195 75
195 753
195 809
195 876
195 904
195 941
195 988
196 120
196 140
196 160
196 239
196 514
196 578
196 642
196 720
196 75
196 778
196 849
196 952
196 957
196 976
197 1
197 114
197 191
197 196
197 321
197 525
197 526
197 597
198 498
198 646
198 671
198 693
198 699
198 746
198 996
199 266
199 326
199 385
199 46
199 54
199 828
199 865
199 975
200 173
200 444
200 646
200 653
200 702
200 703
200 740
200 744
200 760
200 886
200 888
200 91
200 914
200 945
200 980
201 227
201 306
201 397
201 403
201 404
201 45
201 484
201 500
201 502
201 589
201 614
201 659
201 679
201 746
201 963
202 15
202 338
202 386
202 4
202 434
202 475
202 869
202 879
202 906
202 937
202 986
202 991
203 11
203 147
203 174
203 212
203 293
203 300
203 389
203 456
203 526
203 583
203 630
203 662
203 725
203 735
203 794
203 803
203 871
203 963
204 289
204 469
204 565
204 629
204 969
205 187
205 297
205 475
205 790
205 920
205 981
205 984
206 120
206 226
206 382
206 562
206 577
206 814
206 850
206 903
207 196
207 219
207 225
207 270
207 463
207 467
207 497
207 549
207 664
207 678
207 702
207 742
207 76
207 792
207 81
207 818
207 912
207 92
208 179
208 249
208 363
208 368
208 457
208 708
208 78
208 809
208 837
208 887
208 894
208 978
209 750
209 754
209 861
209 883
209 910
209 921
210 128
210 180
210 259
210 273
210 280
210 326
210 494
210 691
210 699
210 761
210 80
210 970
210 975
210 993
211 320
211 332
211 553
211 586
211 935
212 132
212 465
212 511
212 633
212 673
212 677
212 712
212 731
212 836
212 857
213 133
213 196
213 327
213 367
213 410
213 499
213 596
213 687
213 905
214 198
214 266
214 379
214 513
214 662
215 134
215 229
215 510
215 586
215 712
215 719
215 734
215 857
215 893
215 918
216 253
216 280
216 287
216 288
216 423
216 59
216 612
216 917
216 979
217 273
217 477
217 481
217 665
217 728
217 754
217 81
218 408
218 429
218 444
218 460
218 465
218 543
218 567
218 568
218 576
218 587
218 793
218 795
218 840
218 885
218 958
219 15
219 166
219 471
219 608
219 78
220 22
220 223
220 263
220 271
220 339
220 407
220 52
220 819
220 960
220 964
221 198
221 402
221 443
221 517
221 54
221 597
221 882
222 344
222 468
222 473
222 569
222 638
222 643
222 70
222 800
222 86
222 915
222 928
223 763
223 83
224 115
224 137
224 150
224 391
224 434
224 441
224 446
224 54
224 730
224 750
224 856
224 878
224 980
224 993
225 102
225 334
225 888
225 915
226 164
226 193
226 222
226 316
226 317
226 339
226 355
226 401
226 42
226 425
226 668
226 679
226 692
226 923
226 930
226 953
226 987
227 144
227 156
227 187
227 290
227 4
227 41
227 442
227 454
227 454
227 525
227 737
227 929
228 281
228 345
228 378
228 470
228 522
228 533
228 785
228 809
228 9
228 921
228 929
228 951
228 971
229 142
229 209
229 293
229 437
229 516
229 698
229 761
229 851
230 1000
230 28
230 605
230 906
230 977
231 154
231 228
231 283
231 595
231 641
231 679
231 770
231 895
232 109
232 48
232 607
232 634
232 79
232 854
232 948
233 133
233 22
233 246
233 506
233 686
233 742
233 843
233 896
234 154
234 540
234 680
234 698
234 797
234 886
235 239
235 257
235 300
235 365
235 395
235 648
235 7
235 871
235 875
236 262
236 360
236 399
236 42
236 552
236 566
236 573
236 641
236 685
236 707
236 736
237 108
237 11
237 175
237 569
237 609
237 615
237 629
237 93
237 962
238 346
238 482
238 539
238 660
238 775
238 954
239 141
239 152
239 191
239 210
239 254
239 330
239 391
239 452
239 61
239 701
239 72
239 767
239 822
239 894
240 100
240 249
240 254
240 483
240 508
240 627
240 683
240 712
240 733
240 758
240 763
240 81
240 965
241 216
241 314
241 371
241 385
241 394
241 400
241 469
241 52
241 89
241 892
241 989
242 129
242 400
242 476
242 568
242 745
242 840
242 893
242 941
243 1
243 20
243 265
243 27
243 335
243 481
243 565
243 587
243 632
243 644
243 736
243 783
243 889
243 904
243 926
243 970
244 116
244 121
244 139
244 288
244 414
244 581
244 614
244 677
244 742
244 788
244 828
244 930
244 957
244 980
245 22
245 37
245 513
245 540
245 557
245 666
245 689
245 692
245 773
246 121
246 209
246 404
246 701
246 740
246 888
247 102
247 17
247 184
247 234
247 296
247 307
247 430
247 573
247 603
247 722
248 138
248 158
248 197
248 235
248 31
248 312
248 657
248 674
248 792
248 940
248 980
249 175
249 181
249 197
249 290
249 345
249 578
249 76
249 81
249 900
250 123
250 130
250 176
250 543
250 57
250 583
250 618
250 64
250 73
250 740
250 784
251 264
251 462
251 633
251 827
251 857
251 993
252 115
252 306
252 319
252 391
252 607
252 71
252 734
252 906
252 946
253 180
253 207
253 336
253 389
253 47
253 493
253 50
253 569
253 614
253 750
253 758
253 760
253 780
253 798
253 844
253 888
253 923
254 128
254 133
254 162
254 196
254 232
254 394
254 415
254 52
254 580
254 59
254 603
254 792
254 835
254 928
255 106
255 123
255 133
255 197
255 36
255 446
255 456
255 462
255 48
255 62
255 639
255 694
255 737
255 783
255 791
256 139
256 241
256 277
256 352
256 388
256 506
256 611
256 833
257 110
257 115
257 3
257 323
257 441
257 443
257 580
257 660
257 697
257 742
257 870
258 246
258 331
258 395
258 506
258 580
258 632
258 674
258 801
258 807
258 90
258 977
259 167
259 59
259 643
259 832
259 901
259 93
260 135
260 146
260 273
260 330
260 374
260 466
260 604
260 644
260 661
260 665
260 692
260 740
260 849
260 855
260 92
260 928
261 198
261 28
261 324
261 345
261 369
261 379
261 460
261 502
261 623
261 758
262 100
262 104
262 252
262 291
262 41
262 521
262 676
262 744
262 906
263 101
263 155
263 223
263 428
263 438
263 468
263 541
263 572
263 751
263 775
263 805
263 843
263 882
263 897
264 138
264 197
264 232
264 261
264 423
264 510
264 654
264 655
264 691
264 770
264 859
264 932
264 988
265 126
265 306
265 561
265 615
265 66
265 86
266 110
266 187
266 206
266 238
266 368
266 373
266 632
266 746
266 817
267 105
267 125
267 193
267 300
267 57
267 576
267 583
267 59
267 636
267 977
268 428
268 545
268 569
268 589
268 678
268 68
268 871
269 492
269 570
269 635
269 65
269 752
269 856
269 867
269 96
269 982
269 99
270 154
270 201
270 232
270 378
270 428
270 590
270 60
270 612
270 847
270 897
271 184
271 30
271 319
271 387
271 451
271 50
271 516
271 551
271 565
271 573
271 640
272 106
272 114
272 252
272 325
272 441
272 508
272 606
272 970
273 11
273 294
273 315
273 335
273 360
273 628
273 702
273 743
273 821
273 867
273 954
274 357
274 463
274 513
274 523
274 55
274 681
274 729
274 771
274 823
274 872
274 900
274 950
274 975
275 215
275 35
275 413
275 590
275 631
275 694
275 809
275 846
276 306
276 392
276 441
276 49
276 664
276 723
276 800
277 132
277 164
277 218
277 259
277 305
277 503
277 650
277 85
277 900
278 22
278 320
278 341
278 611
278 713
278 803
278 921
279 156
279 367
279 476
279 516
279 528
279 540
279 547
279 646
279 742
279 901
279 92
279 971
280 155
280 157
280 302
280 391
280 394
280 504
280 529
280 574
280 654
280 67
280 758
280 806
280 890
280 920
280 925
281 159
281 387
281 420
281 45
281 515
281 620
281 707
281 736
281 767
281 818
281 841
281 991
282 197
282 213
282 24
282 331
282 406
282 496
282 602
282 733
282 748
282 839
282 861
282 862
283 120
283 144
283 200
283 226
283 291
283 330
283 565
283 624
283 639
283 748
283 764
283 768
283 796
284 126
284 178
284 20
284 29
284 346
284 4
284 416
284 503
284 636
284 646
284 696
284 773
284 974
285 181
285 338
285 855
285 890
285 996
286 205
286 253
286 329
286 467
286 53
286 617
286 644
286 707
286 707
286 794
286 871
286 913
287 117
287 152
287 170
287 326
287 432
287 569
287 643
287 689
287 849
287 851
288 152
288 220
288 415
288 43
288 555
288 665
288 926
289 19
289 326
289 760
289 821
289 868
289 924
290 236
290 417
290 444
290 481
290 551
290 558
290 638
290 812
290 9
290 945
291 380
291 414
291 442
291 553
291 576
291 580
291 596
291 646
291 659
291 705
291 973
292 14
292 342
292 385
292 400
292 458
292 556
292 642
292 648
292 849
292 944
292 979
292 99
293 147
293 300
293 300
293 312
293 329
293 386
293 402
293 407
293 45
293 486
293 521
293 528
293 569
293 649
293 977
294 197
294 269
294 328
294 659
294 761
294 904
294 907
295 135
295 474
295 535
295 536
295 551
295 734
295 964
295 969
296 121
296 223
296 241
296 299
296 320
296 321
296 322
296 43
296 447
296 492
296 513
296 598
296 740
296 797
296 848
297 193
297 200
297 224
297 544
297 694
297 751
297 770
297 878
297 904
297 962
298 139
298 151
298 151
298 160
298 262
298 706
298 893
299 177
299 189
299 376
299 389
299 521
299 586
299 643
299 647
299 649
299 896
299 919
300 291
300 40
300 444
300 445
300 521
300 542
300 577
300 682
300 732
300 834
300 839
300 853
300 863
300 937
301 237
301 26
301 269
301 382
301 613
301 748
301 772
301 785
302 108
302 42
302 421
302 596
302 698
303 409
303 45
303 462
303 500
303 507
303 871
303 895
303 905
303 92
304 109
304 125
304 253
304 256
304 271
304 341
304 362
304 45
304 474
304 624
304 672
304 84
304 876
304 903
304 93
305 115
305 13
305 272
305 332
305 393
305 419
305 448
305 54
305 576
305 612
305 636
305 777
305 945
305 984
306 132
306 156
306 224
306 330
306 421
306 44
306 484
306 576
306 580
306 652
306 696
306 699
306 781
306 905
306 961
306 963
307 199
307 294
307 333
307 412
307 443
307 466
307 551
307 556
307 62
307 785
308 151
308 162
308 345
308 386
308 472
308 667
308 778
308 802
308 803
308 82
308 89
309 135
309 232
309 29
309 343
309 399
309 581
309 616
309 690
309 731
309 960
310 331
310 357
310 402
310 414
310 490
310 570
310 648
310 657
310 691
311 127
311 160
311 181
311 22
311 234
311 235
311 38
311 484
311 517
312 175
312 249
312 293
312 43
312 445
312 485
312 625
312 798
312 810
312 906
312 991
313 110
313 113
313 158
313 269
313 279
313 396
313 75
313 774
313 918
314 187
314 238
314 27
314 358
314 382
314 436
314 456
314 647
314 715
314 727
314 745
314 770
315 200
315 302
315 321
315 336
315 358
315 392
315 414
315 611
315 713
315 731
315 756
315 8
315 831
315 89
315 936
315 959
316 177
316 207
316 258
316 296
316 332
316 357
316 384
316 427
316 60
316 703
316 958
317 15
317 19
317 207
317 339
317 347
317 394
317 412
317 443
317 459
317 574
317 60
317 757
317 886
318 125
318 129
318 157
318 244
318 258
318 332
318 635
318 635
318 64
318 674
318 694
318 775
318 89
318 895
318 902
318 906
318 987
318 997
319 163
319 395
319 55
319 674
319 692
319 838
319 859
319 963
320 359
320 38
320 446
320 732
320 769
320 793
320 892
320 938
321 157
321 294
321 403
321 431
321 60
321 734
321 755
321 827
321 840
321 908
321 964
321 997
322 205
322 300
322 598
322 604
322 631
322 703
322 743
322 782
322 843
322 864
322 869
322 923
323 232
323 235
323 483
323 521
323 573
323 71
323 775
323 78
323 847
323 93
323 946
323 998
324 172
324 319
324 598
324 621
324 848
325 11
325 269
325 393
325 503
325 591
325 694
325 797
326 166
326 195
326 248
326 258
326 470
326 563
326 651
326 685
326 908
326 937
326 942
327 18
327 272
327 408
327 409
327 591
327 801
328 295
328 31
328 343
328 373
328 41
328 630
328 631
328 662
328 71
328 924
328 966
329 107
329 184
329 378
329 407
329 509
329 573
329 662
329 779
329 785
329 804
330 24
330 261
330 414
330 459
330 461
330 662
330 788
330 876
330 878
330 914
330 992
331 15
331 308
331 353
331 565
331 649
331 653
331 70
331 759
331 85
331 9
332 263
332 307
332 366
332 398
332 544
332 567
332 576
332 692
332 739
332 759
332 836
332 877
332 879
333 176
333 228
333 298
333 328
333 343
333 388
333 439
333 533
333 653
333 654
333 773
333 791
333 867
333 943
334 155
334 187
334 420
334 5
334 571
334 708
334 711
334 969
335 111
335 131
335 278
335 327
335 468
335 484
335 593
335 593
335 714
335 757
335 771
336 107
336 228
336 330
336 491
336 564
336 960
337 103
337 106
337 132
337 145
337 222
337 286
337 351
337 405
337 428
337 442
337 460
337 530
337 682
337 723
337 893
337 963
338 101
338 126
338 137
338 310
338 639
338 648
338 668
338 762
338 902
339 213
339 557
339 610
339 773
339 833
339 892
339 928
339 990
340 212
340 288
340 350
340 369
340 379
340 575
340 739
340 770
340 779
340 787
340 842
340 972
341 282
341 46
341 473
341 493
341 497
341 522
341 548
341 551
341 57
341 802
341 873
341 874
342 106
342 124
342 148
342 278
342 513
342 640
342 659
342 709
342 718
342 826
342 865
342 873
342 936
342 959
342 961
343 146
343 257
343 304
343 325
343 462
343 480
343 604
343 692
343 716
343 76
343 775
343 884
343 920
343 999
344 226
344 35
344 493
344 646
344 660
344 703
344 727
344 811
344 956
344 966
345 30
345 347
345 433
345 443
345 5
345 559
345 639
345 737
345 806
345 847
345 89
345 892
346 110
346 128
346 273
346 308
346 399
346 452
346 471
346 58
346 763
346 982
347 2
347 238
347 254
347 310
347 396
347 518
347 57
347 626
347 931
347 973
348 104
348 115
348 128
348 168
348 181
348 192
348 294
348 299
348 327
348 352
348 50
348 649
348 847
348 900
349 148
349 215
349 529
349 571
349 64
349 66
349 674
349 80
349 88
349 89
349 941
350 369
350 424
350 687
351 236
351 391
351 483
351 534
351 560
351 587
351 717
351 854
351 976
352 19
352 230
352 354
352 362
352 464
352 490
352 491
352 513
352 525
352 586
352 59
352 625
352 794
352 877
352 904
353 466
353 540
353 905
354 102
354 110
354 255
354 290
354 291
354 330
354 35
354 492
354 522
354 573
354 672
354 741
354 816
355 113
355 254
355 288
355 315
355 321
355 473
355 559
355 608
355 793
355 885
356 100
356 197
356 28
356 631
356 644
356 748
356 749
356 790
356 952
356 975
356 989
356 998
357 235
357 262
357 263
357 472
357 54
357 709
357 80
357 851
357 867
358 387
358 426
358 550
358 708
358 725
358 763
358 780
358 86
358 873
359 163
359 170
359 30
359 333
359 348
359 432
359 497
359 524
359 859
359 888
359 893
359 927
359 992
360 117
360 151
360 227
360 234
360 237
360 296
360 486
360 572
360 791
360 812
360 839
360 845
360 858
360 914
360 990
361 198
361 294
361 317
361 322
361 467
361 736
361 76
361 854
361 917
362 14
362 230
362 456
362 577
362 608
362 644
362 769
362 774
362 909
363 120
363 363
363 533
363 596
363 808
363 891
363 954
364 222
364 241
364 268
364 325
364 590
364 590
364 631
364 633
364 72
364 774
365 121
365 405
365 474
365 699
365 709
365 733
365 928
365 946
365 975
365 989
366 236
366 262
366 273
366 44
366 441
366 447
366 732
366 83
366 89
366 934
366 938
366 968
367 169
367 228
367 265
367 401
367 547
367 60
367 820
368 115
368 207
368 340
368 49
368 547
368 548
368 645
368 788
368 871
368 925
368 97
369 203
369 536
369 61
369 637
369 673
369 735
369 768
369 93
370 17
370 226
370 227
370 242
370 405
370 558
370 562
370 831
370 955
370 989
370 993
371 183
371 187
371 23
371 446
371 587
371 697
371 711
371 757
371 839
371 97
372 180
372 42
372 485
372 522
372 578
372 587
372 628
372 689
373 106
373 212
373 34
373 448
373 575
373 683
373 712
373 739
373 856
373 883
374 198
374 537
374 547
374 679
374 681
374 685
374 690
374 865
374 959
374 989
375 111
375 447
375 620
375 644
375 898
376 167
376 274
376 370
376 418
376 431
376 503
376 574
376 582
376 788
376 863
377 143
377 246
377 340
377 408
377 457
377 832
377 881
377 904
377 931
377 939
378 177
378 222
378 56
378 64
378 701
378 784
378 862
379 11
379 27
379 331
379 355
379 407
379 549
379 555
379 645
379 725
379 823
380 336
380 407
380 416
380 431
380 451
380 559
380 616
380 661
380 698
380 728
380 846
380 857
380 943
381 126
381 128
381 234
381 274
381 34
381 417
381 490
381 497
381 583
382 12
382 17
382 218
382 225
382 235
382 332
382 451
382 461
382 628
382 724
382 755
382 91
383 128
383 153
383 608
383 633
383 659
383 855
383 892
384 102
384 129
384 141
384 453
384 487
384 517
384 584
384 679
384 737
384 751
384 759
384 824
384 923
385 256
385 266
385 271
385 359
385 645
385 729
385 838
385 91
385 920
385 970
386 133
386 151
386 164
386 166
386 37
386 444
386 578
386 584
386 69
386 855
386 949
387 234
387 257
387 537
387 587
387 677
387 735
387 980
388 22
388 381
388 442
388 473
388 493
388 599
388 692
389 1
389 261
389 730
389 747
389 815
389 900
389 934
389 961
390 143
390 31
390 430
390 483
390 602
390 624
390 819
391 268
391 459
391 503
391 558
391 573
391 725
391 746
391 746
392 130
392 166
392 349
392 458
392 54
392 920
392 954
392 990
393 162
393 251
393 257
393 258
393 401
393 589
393 601
393 719
393 760
393 784
393 971
394 187
394 277
394 290
394 406
394 468
394 474
394 483
394 542
394 706
395 143
395 218
395 222
395 293
395 366
395 591
395 671
395 939
396 145
396 235
396 384
396 497
396 515
396 526
396 606
396 631
396 841
396 88
397 226
397 243
397 251
397 286
397 289
397 321
397 544
397 581
397 616
397 64
397 654
397 739
397 824
397 843
397 853
398 105
398 122
398 227
398 252
398 262
398 407
398 477
398 523
398 591
398 639
398 662
398 668
398 715
398 761
398 781
399 307
399 378
399 444
399 483
399 505
399 586
399 595
399 656
399 775
399 935
399 97
399 978
400 111
400 134
400 240
400 309
400 348
400 381
400 511
400 514
400 590
400 611
400 620
400 960
401 147
401 160
401 217
401 224
401 356
401 48
401 557
401 76
401 826
401 83
401 872
402 194
402 343
402 489
402 769
403 109
403 140
403 314
403 438
403 578
403 582
403 598
403 656
403 866
403 887
403 903
404 109
404 151
404 462
404 561
404 58
404 610
404 682
404 804
404 806
404 948
405 223
405 408
405 42
405 492
405 530
405 560
405 657
405 670
405 775
405 78
405 794
405 824
405 914
406 121
406 178
406 292
406 509
406 7
406 816
406 828
406 859
406 868
406 881
406 950
406 957
406 960
407 187
407 226
407 294
407 381
407 675
407 747
407 788
407 837
407 89
407 956
408 254
408 26
408 317
408 37
408 505
408 524
408 681
408 818
408 836
408 885
408 917
408 920
409 235
409 265
409 354
409 369
409 381
409 391
409 479
409 53
409 573
409 583
409 621
409 688
409 758
410 141
410 144
410 21
410 301
410 588
410 605
410 764
411 120
411 194
411 30
411 320
411 629
411 773
411 848
411 850
411 922
412 168
412 433
412 564
412 596
412 612
412 627
412 653
412 814
412 827
412 960
413 136
413 299
413 322
413 549
413 623
413 657
413 723
413 757
413 922
414 231
414 322
414 339
414 455
414 512
414 627
414 904
415 17
415 247
415 282
415 344
415 451
415 456
415 542
415 562
415 757
415 765
415 979
416 129
416 158
416 197
416 218
416 335
416 373
416 423
416 515
416 574
416 690
416 827
416 886
416 905
416 93
417 127
417 230
417 252
417 377
417 40
417 61
417 688
417 732
417 936
417 980
418 114
418 37
418 393
418 411
418 42
418 525
418 644
418 743
418 759
418 880
418 962
419 113
419 221
419 222
419 264
419 293
419 345
419 454
419 560
419 637
419 703
419 730
419 777
419 899
419 917
419 948
420 110
420 147
420 161
420 176
420 24
420 504
420 643
420 794
421 187
421 513
421 612
421 772
422 104
422 123
422 17
422 211
422 314
422 34
422 357
422 448
422 703
422 71
423 196
423 241
423 376
423 380
423 412
423 581
423 636
423 792
423 8
423 950
424 14
424 193
424 216
424 348
424 558
424 561
424 60
424 677
424 701
424 725
424 795
424 811
424 880
424 927
425 170
425 2
425 245
425 321
425 50
425 546
425 552
425 677
425 752
425 757
425 858
425 970
426 11
426 3
426 354
426 375
426 509
426 760
426 815
426 842
426 852
426 962
427 337
427 693
427 733
427 757
427 775
427 801
428 197
428 204
428 21
428 252
428 262
428 284
428 454
428 689
428 853
428 870
428 997
429 162
429 207
429 372
429 390
429 490
429 53
429 66
429 683
429 75
430 110
430 136
430 155
430 183
430 266
430 320
430 450
430 461
430 636
430 659
430 721
430 750
431 137
431 343
431 616
431 703
431 925
432 140
432 211
432 33
432 468
432 471
432 485
432 592
432 66
432 75
432 844
432 908
433 144
433 171
433 203
433 218
433 350
433 420
433 661
433 707
433 738
433 93
434 184
434 520
434 589
434 621
434 659
434 880
434 9
435 116
435 295
435 408
435 410
435 427
435 548
435 607
435 723
435 749
435 899
436 183
436 217
436 444
436 463
436 606
436 751
436 763
436 837
436 900
436 980
437 215
437 291
437 449
437 559
437 634
437 643
437 687
437 695
437 813
437 935
437 94
437 980
438 154
438 207
438 390
438 429
438 585
439 132
439 170
439 234
439 486
439 640
439 645
439 655
439 698
439 765
439 807
439 835
439 870
439 93
439 975
440 224
440 307
440 380
440 53
440 629
440 803
440 835
440 860
440 966
440 97
441 254
441 260
441 44
441 574
441 750
441 814
441 921
442 118
442 184
442 184
442 300
442 349
442 4
442 536
442 717
442 718
442 727
442 730
442 938
442 980
443 127
443 145
443 197
443 201
443 570
443 600
443 710
443 785
443 853
443 954
444 287
444 418
444 42
444 525
444 53
444 544
444 57
444 600
444 612
444 651
444 910
444 967
445 12
445 177
445 329
445 625
446 137
446 202
446 21
446 235
446 34
446 421
446 43
446 452
446 46
446 651
446 734
446 845
446 898
447 155
447 297
447 433
447 614
447 657
447 768
447 866
448 23
448 257
448 302
448 721
448 755
448 768
448 787
448 819
448 936
448 994
449 119
449 152
449 308
449 525
449 559
449 583
449 737
449 846
449 898
449 959
450 188
450 286
450 349
450 393
450 454
450 605
450 614
450 954
450 972
451 250
451 260
451 424
451 470
451 472
451 614
451 647
451 734
451 818
452 290
452 409
452 456
452 7
452 705
452 734
452 793
453 264
453 339
453 364
453 384
453 65
453 678
453 711
453 804
453 872
453 917
453 951
454 103
454 12
454 36
454 663
454 742
454 774
454 906
455 11
455 123
455 231
455 347
455 406
455 440
455 528
455 625
455 708
456 164
456 193
456 261
456 391
456 393
456 479
456 714
456 745
456 823
456 989
457 160
457 19
457 304
457 339
457 405
457 439
457 472
457 691
457 879
457 907
458 213
458 248
458 26
458 307
458 386
458 548
458 583
458 697
458 761
458 826
459 230
459 252
459 342
459 409
459 487
459 53
459 675
459 795
459 885
459 887
460 112
460 286
460 428
460 447
460 503
460 610
460 755
460 860
460 862
460 97
461 281
461 343
461 697
462 164
462 188
462 212
462 269
462 272
462 299
462 502
462 593
462 66
462 741
462 763
463 229
463 335
463 425
463 694
463 711
463 837
463 877
464 157
464 160
464 166
464 176
464 835
464 888
465 106
465 18
465 43
465 482
465 532
465 901
465 935
466 197
466 452
466 519
466 576
466 580
466 654
466 773
466 851
466 917
466 937
466 947
466 956
466 97
467 117
467 235
467 466
467 669
467 775
467 833
467 922
467 937
467 952
467 956
467 961
467 967
467 977
468 122
468 17
468 258
468 495
468 531
468 539
468 587
468 702
468 789
468 854
468 96
468 966
469 142
469 155
469 200
469 206
469 34
469 356
469 650
469 679
469 716
469 804
469 844
469 986
470 124
470 180
470 228
470 322
470 366
470 388
470 397
470 559
470 801
470 807
470 832
470 857
470 912
471 291
471 324
471 489
471 548
471 581
471 612
471 671
471 678
471 681
471 70
471 746
471 918
471 931
471 990
472 148
472 30
472 333
472 526
472 583
472 655
472 935
473 205
473 234
473 262
473 418
473 478
473 685
473 721
473 839
473 919
473 958
474 110
474 14
474 173
474 184
474 225
474 254
474 326
474 402
474 407
474 53
474 62
474 651
474 663
474 701
475 251
475 295
475 30
475 342
475 487
475 495
475 507
475 839
476 128
476 192
476 197
476 283
476 506
476 626
476 628
476 723
476 832
476 957
477 119
477 134
477 140
477 242
477 298
477 388
477 792
477 804
477 84
477 907
478 268
478 429
478 452
478 577
478 700
478 715
478 750
478 755
478 809
478 946
479 124
479 224
479 334
479 413
479 436
479 495
479 584
479 635
479 74
479 888
479 919
480 255
480 257
480 293
480 308
480 366
480 447
480 812
481 1
481 122
481 272
481 485
481 697
481 930
481 958
482 167
482 249
482 366
482 496
482 533
482 606
482 634
482 718
482 775
482 812
482 862
482 958
482 978
483 100
483 155
483 193
483 382
483 493
483 513
483 519
483 536
483 588
483 590
483 699
483 782
483 792
483 894
483 985
483 99
483 995
484 146
484 241
484 273
484 426
484 459
484 601
484 733
484 982
485 122
485 200
485 209
485 24
485 546
485 572
485 702
485 780
485 842
485 912
486 205
486 277
486 300
486 368
486 930
487 134
487 142
487 217
487 246
487 268
487 370
487 425
487 510
487 700
487 752
487 775
487 914
487 999
488 257
488 370
488 397
488 562
488 67
488 673
488 786
488 828
488 887
489 253
489 291
489 430
489 484
489 546
489 803
489 962
489 98
490 144
490 22
490 291
490 53
490 928
491 105
491 126
491 172
491 197
491 22
491 242
491 39
491 409
491 461
491 473
491 554
491 671
491 69
491 940
491 959
491 985
492 220
492 268
492 327
492 41
492 432
492 454
492 490
492 559
492 571
492 640
492 655
492 662
492 732
493 10
493 121
493 281
493 29
493 402
493 580
493 664
493 673
493 728
493 81
493 878
493 896
493 966
493 972
493 977
494 14
494 163
494 261
494 312
494 365
494 670
494 791
494 976
495 132
495 189
495 276
495 529
495 66
495 692
495 82
495 936
496 106
496 13
496 274
496 308
496 341
496 372
496 407
496 503
496 506
496 515
496 774
496 983
497 157
497 367
497 493
497 504
498 108
498 385
498 458
498 56
498 602
498 704
498 728
498 815
498 87
498 960
498 965
498 987
499 100
499 210
499 225
499 401
499 411
499 735
499 882
500 348
500 349
500 369
500 429
500 545
500 558
500 589
500 591
500 675
500 684
500 752
500 860
500 869
500 9
501 100
501 147
501 208
501 238
501 339
501 350
501 443
501 488
501 872
501 958
502 13
502 343
502 629
502 771
502 792
502 972
502 982
503 21
503 27
503 304
503 431
503 464
503 621
503 689
503 738
503 804
503 943
504 11
504 167
504 209
504 239
504 313
504 314
504 42
504 463
504 677
504 758
504 759
504 821
504 873
505 148
505 194
505 357
505 368
505 445
505 575
505 607
505 681
505 757
505 953
506 118
506 204
506 244
506 312
506 322
506 35
506 467
506 51
506 623
506 627
506 779
506 841
506 961
506 989
507 116
507 19
507 317
507 923
507 941
507 973
508 136
508 155
508 243
508 458
508 478
508 522
508 545
508 579
508 588
508 793
508 863
508 88
508 934
509 298
509 3
509 374
509 375
509 385
509 519
509 747
509 920
509 954
510 2
510 254
510 267
510 389
510 396
510 512
510 556
510 793
510 949
510 95
511 11
511 138
511 222
511 294
511 297
511 335
511 412
511 462
511 705
511 868
511 907
511 965
512 181
512 352
512 542
512 546
512 687
512 862
512 867
513 105
513 166
513 228
513 394
513 443
513 536
513 557
513 558
513 578
513 678
513 684
513 783
514 401
514 478
514 557
514 613
514 700
514 743
514 951
515 1
515 169
515 212
515 231
515 240
515 408
515 421
515 442
515 6
516 135
516 179
516 254
516 300
516 395
516 519
516 656
516 705
516 814
517 12
517 210
517 335
517 341
517 575
517 785
517 993
517 995
518 111
518 252
518 254
518 4
518 435
518 681
518 722
518 873
518 94
519 199
519 257
519 356
519 599
519 670
519 672
519 699
519 834
519 861
519 873
519 976
520 250
520 284
520 363
520 410
520 434
520 561
520 752
520 754
520 777
520 816
521 106
521 245
521 61
521 788
521 842
521 879
521 887
521 889
521 924
521 963
521 967
521 978
521 981
522 104
522 250
522 344
523 193
523 211
523 299
523 331
523 495
523 504
523 56
523 722
523 784
523 833
523 850
523 990
524 428
524 555
524 557
524 603
524 648
524 650
524 703
524 726
525 118
525 120
525 321
525 321
525 456
525 457
525 467
525 511
525 615
525 62
525 684
525 965
526 151
526 156
526 184
526 214
526 270
526 279
526 292
526 309
526 372
526 749
526 791
526 80
527 103
527 159
527 445
527 469
527 567
527 789
527 848
527 908
527 932
527 987
528 15
528 196
528 375
528 418
528 419
528 437
528 663
528 716
528 881
529 123
529 150
529 178
529 248
529 275
529 371
529 463
529 466
529 529
529 74
529 748
529 803
529 813
529 870
530 193
530 286
530 319
530 768
530 784
530 936
530 953
531 115
531 130
531 339
531 384
531 387
531 554
531 70
531 721
531 726
531 74
531 748
531 765
531 833
531 905
531 975
532 326
532 380
532 390
532 475
532 574
532 7
532 760
532 928
532 936
532 990
533 261
533 266
533 290
533 465
533 542
533 851
533 858
533 953
533 988
534 120
534 161
534 170
534 38
534 520
534 544
534 548
534 621
534 654
534 936
535 174
535 343
535 4
535 52
535 566
535 745
536 169
536 205
536 269
536 361
536 418
536 487
536 601
536 806
536 83
536 889
536 900
536 940
537 218
537 30
537 360
537 462
537 466
537 484
537 53
537 610
537 633
537 635
537 812
537 837
537 884
537 95
538 1
538 209
538 465
538 702
538 816
538 907
539 118
539 31
539 338
539 359
539 363
539 458
539 476
539 561
539 710
539 736
539 747
539 776
539 83
539 870
539 880
539 966
539 991
540 114
540 260
540 264
540 300
540 357
540 438
540 511
540 57
540 717
540 908
540 909
540 969
541 128
541 215
541 234
541 242
541 244
541 252
541 437
541 548
541 745
541 798
541 855
542 189
542 261
542 266
542 37
542 482
542 787
542 817
542 893
542 898
543 355
543 361
543 40
543 426
543 554
543 560
543 655
543 803
544 254
544 370
544 521
544 764
544 783
544 811
544 870
544 898
545 108
545 164
545 396
545 45
545 454
545 521
545 556
545 581
545 603
545 622
545 768
545 830
545 958
545 985
546 100
546 118
546 131
546 160
546 184
546 199
546 502
546 64
546 707
546 958
547 215
547 221
547 239
547 327
547 443
547 5
547 624
547 73
547 768
547 839
547 911
547 982
548 13
548 197
548 402
548 418
548 578
548 665
548 80
548 801
548 90
548 902
548 91
549 207
549 22
549 296
549 302
549 490
549 554
549 561
549 721
549 864
549 907
550 105
550 120
550 153
550 19
550 374
550 376
550 380
550 441
550 460
550 475
550 836
550 87
550 91
551 422
551 574
551 728
551 915
552 177
552 395
552 502
552 518
552 581
552 690
552 719
552 847
552 98
553 181
553 268
553 703
553 72
553 798
553 898
553 933
553 979
554 200
554 218
554 307
554 558
554 69
554 699
554 894
554 970
555 106
555 131
555 214
555 258
555 269
555 286
555 454
555 570
555 703
555 968
556 114
556 281
556 332
556 346
556 354
556 396
556 401
556 527
556 61
556 699
556 720
556 819
556 825
556 96
556 969
557 194
557 280
557 331
557 365
557 457
557 722
557 797
557 832
557 912
558 204
558 33
558 41
558 414
558 430
558 494
558 558
558 559
558 592
558 67
558 927
558 970
559 158
559 26
559 274
559 379
559 550
559 556
559 606
559 618
559 687
559 73
559 784
560 104
560 150
560 153
560 219
560 299
560 325
560 338
560 533
560 846
560 926
561 437
561 513
561 586
561 689
561 706
561 714
561 833
562 213
562 277
562 366
562 400
562 49
562 558
562 63
562 631
562 639
562 970
563 125
563 238
563 269
563 440
563 586
563 6
563 673
563 745
563 833
563 939
564 283
564 30
564 361
564 536
564 539
564 687
564 744
564 790
564 872
565 198
565 226
565 256
565 263
565 418
565 653
565 677
565 815
565 867
565 879
565 880
565 983
566 259
566 349
566 488
566 585
566 664
566 891
567 129
567 340
567 39
567 400
567 657
567 67
567 684
567 700
567 71
567 770
567 802
567 843
567 893
568 126
568 160
568 280
568 342
568 386
568 457
568 529
568 564
568 680
568 771
568 844
568 877
568 993
569 109
569 208
569 217
569 222
569 252
569 279
569 588
569 619
569 660
570 134
570 174
570 182
570 183
570 207
570 224
570 281
570 338
570 361
570 393
570 639
570 655
570 66
570 662
570 779
570 850
570 893
570 912
571 121
571 200
571 372
571 397
571 41
571 616
571 648
571 702
571 760
571 812
571 874
571 994
572 309
572 360
572 65
572 794
572 834
572 859
572 910
573 18
573 352
573 374
573 392
573 410
573 547
573 896
573 981
574 234
574 249
574 454
574 456
574 468
574 47
574 60
574 60
574 639
574 783
574 858
574 863
574 92
574 982
575 192
575 489
575 643
575 670
575 736
575 75
575 83
576 251
576 315
576 442
576 848
576 995
577 314
577 33
577 389
577 544
577 620
577 649
577 750
577 863
577 946
577 991
578 107
578 161
578 227
578 357
578 571
578 694
578 77
578 901
578 97
579 124
579 17
579 333
579 48
579 481
579 574
579 578
579 603
579 623
579 684
580 107
580 399
580 405
580 44
580 525
580 756
580 767
580 810
580 833
580 853
580 926
580 980
581 176
581 184
581 316
581 445
581 468
581 53
581 784
581 894
581 93
582 382
582 601
582 765
583 118
583 149
583 213
583 335
583 363
583 411
583 82
583 84
583 849
583 865
583 931
583 946
584 341
584 363
584 388
584 461
584 536
584 67
584 726
584 865
584 922
585 106
585 182
585 548
585 550
585 795
585 862
585 894
585 960
585 965
586 309
586 367
586 432
586 506
586 630
586 870
586 880
586 898
586 943
587 530
587 907
588 107
588 235
588 503
588 52
588 815
588 974
589 386
589 480
589 581
589 593
589 622
589 625
589 959
589 969
590 114
590 150
590 242
590 447
590 462
590 695
590 767
590 926
591 139
591 233
591 236
591 25
591 870
591 899
592 198
592 328
592 377
592 456
592 53
592 606
592 796
592 799
592 991
593 194
593 216
593 294
593 437
593 445
593 542
593 616
593 779
593 832
593 886
594 11
594 279
594 371
594 413
594 638
594 649
594 742
594 776
594 796
594 825
594 838
594 865
594 878
594 936
594 97
595 110
595 111
595 513
595 64
595 679
596 250
596 452
596 564
596 61
596 724
596 787
596 851
596 929
596 953
597 147
597 402
597 797
597 866
597 900
597 905
598 356
598 424
598 428
598 436
598 456
598 458
598 711
599 14
599 23
599 26
599 33
599 436
599 559
599 655
599 762
599 887
599 891
599 952
599 978
600 196
600 426
600 523
600 924
601 245
601 32
601 470
601 475
601 492
601 610
601 636
601 700
601 759
601 906
602 343
602 473
602 528
602 54
602 575
602 731
602 842
602 895
603 14
603 151
603 174
603 295
603 343
603 360
603 369
603 50
603 53
603 54
603 558
603 862
603 975
603 998
604 148
604 189
604 199
604 256
604 270
604 411
604 716
604 769
604 807
604 918
604 984
605 355
605 405
605 565
605 699
605 814
605 9
606 106
606 179
606 208
606 236
606 297
606 321
606 382
606 438
606 509
606 516
606 559
606 564
606 674
606 946
606 973
607 129
607 133
607 268
607 345
607 495
607 611
607 637
607 709
607 730
607 84
607 884
608 201
608 253
608 310
608 451
608 568
608 587
608 639
608 94
608 962
608 972
609 41
609 412
609 614
609 632
609 709
609 711
610 15
610 196
610 260
610 347
610 380
610 422
610 53
610 682
610 707
610 901
611 420
611 459
611 527
611 818
612 236
612 339
612 347
612 473
612 529
612 661
612 721
612 773
612 844
612 887
613 139
613 143
613 23
613 374
613 378
613 525
613 846
613 980
614 105
614 11
614 15
614 271
614 421
614 455
614 459
614 513
614 716
614 718
614 782
614 801
614 81
614 868
614 899
614 969
615 117
615 141
615 239
615 312
615 361
615 387
615 440
615 594
615 716
615 945
616 190
616 210
616 236
616 308
616 387
616 41
616 477
616 520
616 54
616 616
616 657
617 200
617 233
617 27
617 291
617 413
617 439
617 483
617 500
617 606
617 649
617 757
617 791
617 821
617 855
617 97
618 174
618 185
618 19
618 194
618 437
618 514
618 644
618 687
618 818
619 478
619 509
619 57
619 880
619 982
620 305
620 306
620 335
620 878
620 894
621 1000
621 189
621 206
621 207
621 252
621 414
621 582
621 675
621 801
621 886
621 967
622 149
622 176
622 306
622 322
622 4
622 619
622 626
622 727
622 738
622 793
622 843
622 89
623 120
623 166
623 186
623 234
623 27
623 276
623 295
623 302
623 31
623 311
623 391
623 52
623 653
623 806
623 834
623 93
624 10
624 209
624 215
624 238
624 416
624 427
624 440
624 541
624 614
624 65
624 670
624 896
624 907
624 914
625 159
625 179
625 288
625 296
625 402
626 101
626 18
626 367
626 568
626 581
626 630
626 833
626 880
627 111
627 199
627 295
627 315
627 409
627 452
627 49
627 561
627 637
627 676
627 76
627 82
627 881
628 168
628 200
628 225
628 362
628 416
628 437
628 453
628 47
628 520
628 619
628 646
628 654
628 655
628 679
628 687
628 727
628 782
628 782
628 906
628 98
629 160
629 222
629 274
629 331
629 372
629 614
629 691
629 832
629 833
629 869
630 249
630 276
630 307
630 356
630 39
630 436
630 455
630 478
630 479
630 511
630 555
630 821
630 833
630 926
630 962
631 217
631 322
631 396
631 455
631 475
631 628
631 723
631 887
632 137
632 139
632 351
632 45
632 497
632 545
632 606
632 624
632 737
632 738
632 766
632 790
632 875
632 877
632 92
633 15
633 235
633 340
633 358
633 366
633 408
633 665
633 678
633 950
634 176
634 237
634 24
634 270
634 295
634 344
634 432
634 439
634 442
634 605
634 802
634 810
634 829
635 122
635 47
635 474
635 488
635 590
635 605
635 618
635 751
635 974
636 141
636 160
636 415
636 423
636 480
636 531
636 55
636 595
636 673
636 852
636 878
637 131
637 151
637 487
637 505
637 634
637 73
637 788
637 797
637 888
638 312
638 315
638 369
638 411
638 422
638 559
638 604
638 758
638 866
638 883
638 9
638 942
638 985
639 638
639 756
639 784
639 827
639 83
639 896
640 161
640 173
640 178
640 200
640 214
640 216
640 35
640 368
640 482
640 546
640 616
640 891
641 105
641 242
641 370
641 433
641 439
641 898
641 974
642 103
642 181
642 476
642 588
642 594
642 68
642 703
642 714
643 196
643 271
643 310
643 342
643 385
643 401
643 550
643 616
643 815
643 932
644 135
644 249
644 270
644 328
644 419
644 844
645 130
645 394
645 58
645 60
645 725
645 733
645 854
645 925
646 225
646 266
646 366
646 375
646 518
646 534
646 794
646 82
646 883
646 963
646 984
647 251
647 277
647 532
647 535
647 545
647 573
647 654
647 662
647 695
647 861
647 863
647 928
648 128
648 383
648 384
648 478
648 815
648 843
648 845
649 204
649 223
649 281
649 412
649 415
649 479
649 612
649 634
649 702
649 751
649 821
649 879
649 905
649 913
649 929
649 954
650 23
650 275
650 436
650 45
650 453
650 465
650 48
650 490
650 596
650 603
650 753
650 793
650 97
651 131
651 329
651 387
651 528
651 529
651 70
651 881
651 959
652 112
652 129
652 177
652 201
652 357
652 375
652 450
652 481
652 643
652 690
652 75
653 397
653 557
653 643
653 691
653 796
653 809
653 909
654 168
654 2
654 329
654 511
654 52
654 548
654 576
654 65
654 668
654 729
654 827
654 833
654 953
655 131
655 211
655 269
655 275
655 340
655 43
655 44
655 517
655 52
655 564
655 650
655 829
655 884
655 904
656 103
656 120
656 18
656 193
656 230
656 30
656 43
656 503
656 510
656 59
656 594
656 65
656 687
656 690
656 82
657 136
657 145
657 387
657 472
657 591
657 848
657 984
658 196
658 340
658 544
658 683
658 777
658 796
658 821
658 985
658 995
659 164
659 245
659 26
659 268
659 291
659 306
659 454
659 487
659 906
660 131
660 166
660 273
660 417
660 435
660 494
660 821
660 854
660 98
660 983
661 196
661 264
661 43
661 441
661 441
661 458
661 505
661 523
661 594
661 607
661 688
661 80
661 863
661 913
662 315
662 369
662 427
662 430
662 463
662 478
662 649
662 672
662 689
662 713
662 739
662 804
662 944
662 968
663 304
663 43
663 449
663 558
663 563
663 582
663 65
663 682
663 730
663 850
664 194
664 475
664 493
664 541
664 558
664 702
664 952
665 118
665 266
665 648
665 652
665 784
665 793
666 133
666 138
666 338
666 342
666 351
666 445
666 449
666 546
666 589
666 59
666 608
666 743
666 771
666 840
666 942
667 525
667 618
667 903
667 997
668 206
668 298
668 375
668 45
668 456
668 920
669 27
669 290
669 414
669 553
669 573
669 766
669 797
669 837
669 839
670 142
670 314
670 345
670 393
670 436
670 475
670 483
670 488
670 601
670 605
670 652
670 680
670 78
670 80
670 85
670 907
670 931
671 128
671 292
671 449
671 488
671 572
671 629
671 709
671 88
672 1000
672 414
672 52
672 537
672 538
672 754
673 10
673 292
673 486
673 566
673 641
673 707
673 791
673 838
673 882
673 908
674 115
674 245
674 323
674 36
674 532
674 82
674 875
675 1
675 122
675 14
675 155
675 193
675 407
675 434
675 454
675 590
675 705
675 831
675 847
675 897
676 243
676 269
676 297
676 390
676 415
676 517
676 574
676 625
676 660
676 700
676 738
676 741
676 843
676 901
677 144
677 267
677 305
677 389
677 59
677 789
678 123
678 231
678 242
678 287
678 321
678 346
678 439
678 831
678 894
679 143
679 180
679 34
679 481
679 533
679 57
679 595
679 702
679 759
679 818
679 91
679 962
679 974
680 149
680 299
680 324
680 538
680 566
680 591
680 651
680 676
680 726
680 778
680 795
680 812
680 873
681 200
681 297
681 297
681 526
681 640
681 682
681 781
681 790
681 902
681 966
682 297
682 30
682 368
682 424
682 486
682 508
682 591
682 683
682 738
682 744
682 804
682 818
682 856
682 887
683 105
683 315
683 330
683 534
683 641
683 748
683 949
684 117
684 137
684 156
684 405
684 454
684 555
684 555
684 582
684 641
684 747
684 760
684 764
684 774
684 851
684 975
685 164
685 611
685 722
685 745
685 970
686 175
686 222
686 245
686 259
686 265
686 45
686 471
686 490
686 496
686 73
686 732
686 749
686 770
686 870
686 908
686 909
686 953
687 309
687 546
687 739
687 789
688 217
688 27
688 332
688 345
688 957
689 205
689 219
689 256
689 300
689 443
689 503
689 612
689 615
689 78
689 836
689 878
689 904
689 920
690 139
690 190
690 249
690 315
690 618
690 827
690 984
691 211
691 407
691 781
691 848
692 429
692 608
692 702
692 804
692 860
692 870
692 938
693 135
693 251
693 315
693 415
693 521
693 585
693 650
693 778
693 847
693 978
694 192
694 346
694 493
694 621
694 648
694 71
694 721
694 842
694 899
694 923
694 956
694 998
695 177
695 204
695 254
695 317
695 538
695 615
695 615
695 64
695 668
695 692
695 774
695 949
695 956
696 110
696 13
696 311
696 34
696 345
696 393
696 738
696 782
696 929
696 955
697 136
697 202
697 216
697 285
697 367
697 384
697 479
697 821
697 829
697 837
698 241
698 335
698 362
698 465
698 790
698 804
698 920
698 977
699 193
699 271
699 33
699 502
699 514
699 523
699 542
699 866
699 995
700 111
700 55
700 572
700 634
700 83
700 979
701 130
701 159
701 429
701 487
701 516
701 521
701 687
701 695
701 91
701 92
702 213
702 325
702 381
702 767
702 773
703 171
703 195
703 26
703 275
703 38
703 403
703 417
703 458
703 625
703 756
703 865
703 903
703 98
704 308
704 519
704 558
704 626
704 637
704 678
704 685
704 811
704 861
704 883
704 943
705 284
705 48
705 489
705 497
705 497
705 691
705 830
705 875
705 885
706 39
706 50
706 726
706 865
706 904
706 912
707 10
707 128
707 158
707 178
707 619
707 62
707 667
707 702
707 734
707 746
707 761
707 832
707 929
707 977
708 114
708 198
708 447
708 482
708 518
708 56
708 621
708 791
708 844
708 927
709 116
709 190
709 252
709 286
709 322
709 471
709 581
709 699
709 723
709 772
709 830
709 903
709 983
709 984
710 157
710 169
710 338
710 639
710 993
711 204
711 224
711 412
711 434
711 580
711 669
711 693
711 749
711 84
711 896
711 915
711 928
712 114
712 15
712 168
712 286
712 376
712 396
712 412
712 520
712 58
712 658
712 705
712 79
712 815
712 900
712 909
713 141
713 225
713 226
713 477
713 565
713 970
714 212
714 287
714 381
714 430
714 488
714 738
714 783
715 191
715 198
715 20
715 279
715 283
715 444
715 625
715 633
715 676
715 777
715 857
715 970
715 989
716 105
716 283
716 52
716 54
716 551
716 568
716 676
716 753
716 759
716 891
716 898
716 928
716 968
717 247
717 438
717 44
717 464
717 487
717 515
717 520
717 529
717 604
717 658
717 704
717 773
718 140
718 153
718 31
718 362
718 37
718 479
718 824
718 967
719 274
719 296
719 524
719 669
719 756
719 948
719 950
720 270
720 365
720 399
720 432
720 502
720 513
720 599
720 772
720 809
720 855
720 872
720 983
721 104
721 110
721 121
721 134
721 423
721 448
721 589
721 61
721 777
721 873
722 100
722 186
722 256
722 343
722 429
722 482
722 494
722 738
722 950
723 341
723 423
723 506
723 595
723 599
723 706
723 747
723 876
723 912
723 984
723 984
724 168
724 371
724 386
724 499
724 50
724 578
724 76
724 826
724 876
724 912
724 931
724 94
724 964
725 185
725 651
725 738
725 827
725 932
726 317
726 438
726 540
726 638
726 678
726 829
726 860
727 487
727 491
727 513
727 608
727 631
727 664
727 731
727 960
727 960
728 178
728 271
728 383
728 642
728 656
728 676
728 695
728 696
728 709
728 713
728 730
728 843
729 140
729 178
729 308
729 381
729 417
729 484
729 539
729 702
729 804
729 818
729 853
729 868
729 967
730 106
730 27
730 312
730 327
730 407
730 434
730 61
730 852
730 872
730 920
730 993
731 113
731 192
731 311
731 385
731 459
731 508
731 703
731 957
732 116
732 123
732 234
732 290
732 428
732 47
732 568
732 630
732 667
732 824
732 826
732 882
732 9
732 994
732 997
733 272
733 470
733 560
733 58
733 789
733 794
733 81
733 88
733 928
734 114
734 162
734 182
734 186
734 248
734 291
734 327
734 369
734 411
734 444
734 569
734 748
734 92
734 961
735 127
735 186
735 333
735 344
735 355
735 4
735 607
735 624
735 717
735 907
735 962
736 109
736 111
736 321
736 331
736 36
736 368
736 388
736 735
736 982
736 984
737 197
737 264
737 269
737 307
737 348
737 410
737 48
737 49
737 53
737 539
737 62
737 644
737 757
737 801
737 812
737 820
737 910
737 961
738 222
738 259
738 373
738 373
738 461
738 514
738 592
738 592
738 633
738 703
738 75
738 765
738 81
738 89
738 891
739 115
739 156
739 206
739 318
739 350
739 400
739 436
739 444
739 484
739 49
739 55
739 571
739 584
739 639
739 714
739 874
739 950
740 168
740 314
740 461
740 671
740 732
740 748
740 922
741 2
741 207
741 22
741 395
741 5
741 848
741 864
742 280
742 479
742 541
742 546
742 552
742 632
742 88
742 920
742 923
742 998
743 255
743 296
743 373
743 387
743 41
743 432
743 442
743 524
743 558
743 601
743 657
743 991
743 997
744 113
744 330
744 400
744 412
744 615
744 708
744 773
744 961
744 962
745 20
745 296
745 402
745 439
745 469
745 485
745 493
745 541
746 307
746 313
746 512
746 73
746 782
747 197
747 385
747 387
747 39
747 426
747 526
747 597
747 649
747 713
747 742
747 864
747 954
748 233
748 320
748 365
748 404
748 49
748 510
748 770
748 822
748 824
748 868
748 961
748 976
748 99
749 189
749 241
749 284
749 363
749 617
749 652
749 676
749 676
749 704
749 891
749 919
750 349
750 456
750 491
750 500
750 513
750 662
750 867
750 873
751 167
752 341
752 379
752 428
752 47
752 679
752 82
752 906
753 390
753 447
753 497
753 618
753 677
753 70
753 769
753 811
754 316
754 504
754 532
754 581
754 746
754 763
754 768
754 806
754 83
754 972
754 987
755 204
755 294
755 437
755 470
755 473
755 480
755 641
755 661
755 891
755 991
756 252
756 325
756 471
756 538
756 57
756 648
756 664
756 675
756 744
756 746
756 771
756 84
756 958
757 111
757 153
757 228
757 274
757 380
757 482
757 552
757 868
757 979
758 133
758 324
758 394
758 45
758 470
758 520
758 56
758 643
758 768
758 828
758 99
759 183
759 269
759 509
759 562
759 635
759 677
759 728
759 759
759 892
759 939
759 985
760 108
760 142
760 271
760 367
760 393
760 412
760 442
760 477
760 478
760 57
760 652
760 714
760 882
760 996
761 122
761 127
761 189
761 22
761 253
761 266
761 282
761 287
761 357
761 520
761 775
762 166
762 213
762 230
762 284
762 290
762 393
762 464
762 564
762 62
762 683
762 684
762 784
763 166
763 241
763 300
763 302
763 345
763 829
763 830
763 881
764 212
764 45
764 481
764 586
764 637
764 665
764 69
765 144
765 18
765 294
765 332
765 414
765 467
765 567
765 613
765 68
765 811
765 840
765 849
765 867
766 126
766 211
766 251
766 312
766 482
766 518
766 575
766 890
766 891
766 95
767 108
767 176
767 23
767 310
767 394
767 477
767 506
767 524
767 524
767 55
767 593
767 659
767 933
767 957
768 355
768 441
768 531
768 576
768 597
768 709
768 731
768 781
768 929
768 950
769 122
769 123
769 137
769 161
769 258
769 310
769 363
769 43
769 589
769 638
769 716
769 741
769 779
769 819
769 929
769 981
770 287
770 438
770 6
770 889
770 949
770 967
770 976
770 989
771 111
771 115
771 115
771 17
771 200
771 501
771 574
771 661
771 693
771 851
771 926
772 12
772 146
772 306
772 382
772 404
772 546
772 573
772 632
772 676
772 735
772 931
772 949
772 976
773 110
773 154
773 242
773 33
773 346
773 389
773 402
773 410
773 440
773 470
773 547
773 767
773 829
774 226
774 323
774 426
774 435
774 477
774 669
774 875
774 941
774 944
774 957
775 220
775 229
775 340
775 477
775 591
776 16
776 163
776 230
776 401
776 426
776 427
776 556
776 668
776 798
776 809
776 86
776 971
777 108
777 142
777 322
777 374
777 753
777 811
777 951
778 36
778 62
778 825
778 922
779 184
779 232
779 43
779 569
779 614
779 784
779 873
779 877
779 881
779 955
780 171
780 518
780 539
780 748
780 757
780 878
780 89
780 980
781 163
781 827
781 867
781 9
781 96
782 278
782 469
782 538
782 696
782 697
782 957
783 105
783 160
783 251
783 259
783 29
783 300
783 564
783 664
783 775
783 797
783 979
783 988
783 995
784 319
784 563
784 657
784 661
784 910
785 408
785 434
785 610
785 648
785 804
785 984
785 994
786 155
786 320
786 34
786 40
786 492
786 519
786 560
786 691
786 699
786 766
786 916
787 118
787 159
787 187
787 282
787 447
787 632
787 638
787 747
787 803
787 929
787 941
788 239
788 272
788 372
788 396
788 43
788 501
788 603
788 723
788 735
788 902
788 95
788 995
789 109
789 159
789 206
789 268
789 299
789 322
789 351
789 387
789 487
789 643
789 675
789 798
789 807
789 854
789 944
789 95
789 952
789 959
790 138
790 138
790 194
790 374
790 502
790 589
790 687
790 713
790 782
790 83
790 882
791 158
791 304
791 479
791 559
791 614
791 615
791 694
791 795
791 990
792 167
792 47
792 559
792 561
792 860
792 87
792 89
792 934
792 944
792 956
793 112
793 257
793 312
793 377
793 419
793 56
793 621
793 679
793 805
794 103
794 238
794 389
794 477
794 513
794 538
794 758
794 835
794 877
794 988
795 569
795 665
795 724
795 833
795 970
796 295
796 298
796 45
796 679
796 995
797 265
797 304
797 337
797 34
797 389
797 549
797 577
797 616
797 754
797 985
798 189
798 257
798 344
798 358
798 492
798 670
798 755
798 759
798 760
798 781
798 864
799 160
799 276
799 334
799 386
799 745
799 758
799 78
799 971
800 134
800 142
800 15
800 20
800 226
800 307
800 386
800 496
800 549
800 59
800 709
800 863
801 111
801 136
801 205
801 301
801 391
801 633
801 674
801 701
801 885
801 888
802 129
802 14
802 390
802 461
802 519
802 563
802 571
802 584
802 643
802 86
802 901
802 906
803 115
803 229
803 269
803 330
803 342
803 359
803 437
803 592
803 647
803 695
803 702
803 765
803 975
804 15
804 172
804 207
804 332
804 398
804 439
804 599
804 617
804 656
804 671
804 683
804 851
804 907
805 23
805 297
805 391
805 434
805 437
805 481
805 537
805 610
805 617
805 681
805 692
805 901
805 941
806 194
806 555
806 623
806 810
807 426
807 445
807 47
807 531
807 537
807 619
807 63
807 631
807 703
807 728
807 734
807 742
808 109
808 55
808 785
809 183
809 303
809 462
809 581
809 602
809 797
809 825
809 829
810 160
810 390
810 398
810 417
810 540
810 624
810 655
810 693
810 73
810 808
810 841
810 854
810 896
811 273
811 331
811 381
811 451
811 488
811 567
811 578
811 578
811 686
811 697
811 772
811 80
811 85
811 860
811 893
811 931
811 960
812 111
812 250
812 280
812 285
812 302
812 302
812 338
812 346
812 521
812 645
812 76
812 80
812 904
812 929
812 984
813 156
813 311
813 33
813 453
813 466
813 491
813 641
813 820
813 996
814 384
814 453
814 462
814 468
814 627
814 765
814 767
814 975
814 976
815 129
815 233
815 260
815 273
815 435
815 48
815 499
815 529
815 552
815 691
815 79
815 990
815 999
816 10
816 176
816 265
816 326
816 372
816 404
816 416
816 50
816 530
816 813
816 978
817 177
817 362
817 385
817 388
817 500
817 587
818 132
818 204
818 21
818 351
818 360
818 616
818 637
818 652
818 701
818 86
818 864
818 896
818 912
819 238
819 425
819 434
819 561
819 563
819 647
819 701
819 80
819 801
819 841
819 997
820 246
820 291
820 435
820 449
820 471
820 541
820 702
820 747
820 754
820 768
820 792
820 891
821 157
821 184
821 400
821 446
821 511
821 555
821 681
821 743
821 75
821 83
821 863
822 221
822 255
822 325
822 350
822 398
822 756
822 799
822 915
822 968
822 986
823 149
823 264
823 265
823 266
823 338
823 373
823 537
823 547
823 56
823 629
823 703
823 710
823 72
823 729
823 954
824 105
824 154
824 183
824 248
824 287
824 331
824 374
824 507
824 62
824 788
824 795
824 858
825 189
825 192
825 318
825 34
825 481
825 562
825 747
825 858
825 872
825 925
825 988
826 131
826 140
826 162
826 214
826 247
826 259
826 30
826 558
826 923
826 959
827 184
827 249
827 320
827 630
827 66
827 662
827 751
827 798
827 840
827 865
827 869
828 325
828 4
828 464
828 497
828 651
828 904
829 277
829 279
829 336
829 337
829 384
829 442
829 455
829 5
829 552
829 56
829 777
829 825
829 999
830 157
830 228
830 237
830 331
830 370
830 499
830 621
830 838
830 903
830 923
831 234
831 584
831 624
831 632
831 680
831 710
831 753
831 781
831 783
831 798
831 802
831 96
832 367
832 37
832 406
832 442
832 486
832 568
832 581
832 706
832 777
832 805
833 194
833 230
833 24
833 251
833 28
833 327
833 436
833 589
833 814
833 878
833 906
833 989
834 15
834 395
834 439
834 551
834 726
834 770
834 851
834 912
835 200
835 205
835 453
835 5
835 544
835 629
835 72
835 805
835 883
836 190
836 257
836 382
836 511
836 566
836 638
836 836
836 849
836 973
836 989
837 177
837 289
837 356
837 36
837 600
837 724
837 763
837 775
837 787
837 837
837 892
838 107
838 185
838 24
838 291
838 478
838 484
838 537
838 578
838 624
838 714
838 915
839 118
839 12
839 253
839 326
839 421
839 910
839 936
839 95
839 965
840 453
840 499
840 554
840 588
840 730
841 10
841 155
841 233
841 259
841 382
841 435
841 51
841 558
841 567
841 674
841 963
842 182
842 296
842 299
842 310
842 338
842 391
842 396
842 659
842 731
842 798
842 841
842 891
842 967
842 998
843 335
843 343
843 460
843 534
843 780
843 912
843 920
843 934
843 945
844 163
844 320
844 352
844 399
844 425
844 445
844 564
844 584
844 588
844 72
844 760
845 140
845 151
845 170
845 275
845 283
845 409
845 522
845 688
845 782
845 788
845 918
845 945
846 106
846 200
846 272
846 447
846 531
846 540
846 575
846 755
846 945
846 966
846 981
847 399
847 4
847 464
847 506
847 571
847 639
847 705
847 805
847 939
848 266
848 594
848 709
848 730
848 748
848 763
849 111
849 121
849 199
849 212
849 303
849 422
849 502
849 55
849 864
849 892
850 114
850 188
850 188
850 272
850 335
850 595
850 653
850 727
850 741
850 842
850 880
851 107
851 134
851 192
851 291
851 341
851 418
851 525
851 613
851 682
851 739
852 159
852 52
852 529
852 825
852 846
853 284
853 489
853 5
853 571
853 645
853 673
853 993
854 107
854 414
854 451
854 470
854 53
854 791
854 856
854 883
854 970
855 19
855 300
855 590
855 604
855 663
855 698
855 753
855 831
855 848
856 140
856 165
856 166
856 185
856 189
856 3
856 395
856 494
856 648
856 657
856 918
857 199
857 393
857 516
857 588
857 605
857 708
857 72
858 188
858 258
858 320
858 464
858 548
858 770
858 932
858 961
858 970
859 227
859 303
859 313
859 566
859 586
859 618
859 818
859 839
859 891
859 917
860 146
860 231
860 233
860 269
860 284
860 29
860 309
860 406
860 521
860 535
860 679
860 693
860 941
861 301
861 338
861 404
861 627
861 662
861 980
861 998
862 117
862 404
862 480
862 564
862 608
862 787
862 898
862 992
863 447
863 455
863 5
863 695
863 736
863 791
863 946
863 961
863 997
864 153
864 172
864 207
864 218
864 280
864 283
864 32
864 546
864 552
864 999
865 155
865 156
865 175
865 20
865 444
865 626
865 636
865 815
865 893
865 956
865 990
866 129
866 130
866 133
866 186
866 309
866 313
866 387
866 404
866 423
866 526
866 531
867 234
867 272
867 399
867 426
867 432
867 446
867 657
867 748
867 758
867 820
868 147
868 171
868 184
868 25
868 31
868 320
868 43
868 44
868 538
868 708
868 742
868 786
868 804
868 911
868 935
869 235
869 257
869 442
869 50
869 558
869 997
870 191
870 232
870 238
870 555
870 686
870 693
870 908
870 911
871 122
871 320
871 336
871 433
871 545
871 90
871 948
872 128
872 172
872 370
872 376
872 388
872 471
872 631
872 873
872 931
872 971
873 186
873 262
873 413
873 618
873 690
873 814
874 119
874 223
874 356
874 427
874 446
874 567
874 57
874 629
874 687
874 705
874 959
874 993
875 262
875 470
875 578
875 641
875 809
876 186
876 19
876 25
876 457
876 53
876 53
876 649
876 716
876 72
876 742
876 85
876 91
877 184
877 216
877 282
877 317
877 43
877 447
877 472
877 604
877 653
877 788
877 962
878 244
878 280
878 401
878 43
878 430
878 449
878 731
878 842
879 319
879 322
879 428
879 5
879 504
879 549
879 65
879 650
879 785
879 797
879 838
879 87
879 940
880 171
880 255
880 320
880 332
880 347
880 752
880 790
880 905
880 929
880 965
881 172
881 251
881 279
881 34
881 384
881 426
881 453
881 473
881 772
881 782
881 863
882 200
882 245
882 372
882 385
882 552
882 595
882 859
882 902
882 969
883 203
883 207
883 285
883 350
883 498
883 829
884 164
884 565
884 624
884 70
884 833
884 975
885 186
885 265
885 298
885 554
885 59
885 596
885 703
885 759
885 790
885 900
886 171
886 336
886 355
886 360
886 591
886 728
886 938
887 102
887 230
887 375
887 447
887 472
887 574
887 596
887 608
887 782
887 837
887 944
888 115
888 180
888 299
888 345
888 38
888 725
888 989
889 176
889 267
889 527
889 560
889 885
889 896
890 211
890 310
890 677
890 741
890 838
890 974
891 106
891 139
891 281
891 566
891 835
891 883
891 966
892 159
892 169
892 287
892 370
892 520
892 67
892 81
892 972
892 98
893 10
893 105
893 159
893 225
893 26
893 281
893 309
893 334
893 346
893 513
893 553
893 579
893 582
893 586
893 639
893 672
893 715
894 107
894 177
894 219
894 415
894 465
894 746
894 911
894 920
894 943
895 547
895 586
895 660
895 748
895 801
895 889
895 946
895 968
896 124
896 210
896 406
896 60
896 604
896 718
896 793
896 820
896 950
896 981
897 272
897 301
897 358
897 449
897 712
897 742
897 749
897 811
897 852
897 963
898 348
898 42
898 511
898 532
898 712
898 764
898 814
898 830
898 855
898 905
899 176
899 219
899 292
899 307
899 332
899 427
899 472
899 536
899 614
899 63
899 883
899 913
899 936
899 949
900 409
900 457
900 537
900 556
900 641
901 108
901 152
901 37
901 403
901 528
901 679
901 750
901 793
901 869
901 887
902 17
902 194
902 27
902 282
902 344
902 443
902 473
902 62
902 624
902 74
902 807
902 905
902 924
902 967
903 143
903 163
903 180
903 331
903 650
903 661
903 691
903 702
903 865
903 887
904 320
904 381
904 871
904 915
905 246
905 495
905 535
905 578
905 602
905 869
905 945
905 958
905 988
906 108
906 22
906 304
906 323
906 539
906 596
906 643
906 891
906 914
907 156
907 158
907 239
907 250
907 341
907 638
907 691
907 88
908 1
908 198
908 476
908 488
908 514
908 581
908 582
908 630
908 650
908 664
908 761
908 917
908 941
908 976
909 130
909 149
909 309
909 368
909 71
909 751
910 244
910 339
910 366
910 378
910 418
910 440
910 569
910 585
910 632
910 697
910 932
911 284
911 386
911 424
911 459
911 496
911 62
911 8
911 836
911 930
911 949
911 950
911 970
912 19
912 328
912 33
912 661
912 7
912 818
913 1000
913 22
913 227
913 520
913 662
913 846
913 88
913 962
914 12
914 164
914 45
914 454
914 545
914 557
914 640
914 798
914 821
914 894
914 911
914 913
914 923
914 947
915 269
915 325
915 503
915 578
915 6
915 71
915 721
915 800
915 800
916 131
916 15
916 168
916 20
916 285
916 296
916 33
916 398
916 638
916 881
916 984
917 186
917 187
917 240
917 331
917 334
917 408
917 416
917 648
917 853
917 937
918 136
918 2
918 286
918 385
918 435
918 457
918 543
918 570
918 690
918 711
918 833
918 967
919 107
919 131
919 22
919 222
919 234
919 387
919 393
919 422
919 591
919 646
919 770
919 778
920 101
920 208
920 439
920 48
920 772
920 808
920 855
921 15
921 168
921 269
921 307
921 423
921 449
921 534
921 607
921 652
921 655
921 714
921 727
921 829
921 998
922 127
922 159
922 162
922 239
922 364
922 605
922 616
922 702
922 754
922 759
923 128
923 181
923 194
923 206
923 220
923 236
923 409
923 704
924 127
924 406
924 513
924 60
924 606
924 626
924 713
924 746
924 829
925 259
925 343
925 654
925 791
926 2
926 230
926 304
926 359
926 49
926 570
926 6
926 615
926 621
926 644
926 657
926 725
926 926
927 16
927 256
927 302
927 325
927 455
927 465
927 506
927 799
928 103
928 109
928 157
928 192
928 211
928 383
928 477
928 646
928 997
929 126
929 197
929 229
929 349
929 48
929 685
929 749
929 830
929 956
929 96
930 226
930 375
930 548
930 770
931 121
931 137
931 237
931 29
931 468
931 472
931 48
931 519
931 539
931 552
931 679
931 69
931 794
931 886
931 899
932 114
932 444
932 613
932 63
932 772
932 801
932 806
932 891
933 158
933 341
933 380
933 474
933 548
933 564
933 581
933 645
933 662
933 757
933 760
933 878
933 884
934 681
934 723
934 756
934 773
934 863
934 888
934 939
935 115
935 144
935 145
935 227
935 284
935 501
935 575
935 587
935 609
935 615
935 789
935 850
935 883
935 898
935 99
936 140
936 418
936 434
936 529
936 560
936 624
936 652
936 660
936 672
936 807
936 888
936 962
937 213
937 256
937 299
937 336
937 665
937 696
937 895
938 127
938 228
938 306
938 308
938 410
938 426
938 455
938 567
938 593
938 72
938 748
938 804
938 827
938 885
938 913
938 931
939 428
939 490
939 501
939 551
939 563
939 567
939 752
940 288
940 345
940 453
940 462
940 487
940 53
940 589
940 63
940 641
940 862
940 904
940 91
941 237
941 260
941 347
941 535
941 73
941 89
941 953
941 96
942 103
942 13
942 184
942 39
942 6
942 654
942 733
942 821
942 992
943 148
943 154
943 209
943 353
943 380
943 515
943 604
943 785
943 830
943 913
943 916
944 144
944 349
944 571
944 650
944 862
944 867
944 984
944 992
945 229
945 358
945 41
945 468
945 481
945 545
945 6
945 708
945 796
945 797
945 965
945 970
945 978
945 99
945 994
946 179
946 501
946 523
946 535
946 83
946 979
947 115
947 147
947 166
947 35
947 368
947 374
947 584
947 842
947 851
947 896
947 925
947 953
948 196
948 272
948 280
948 335
948 371
948 495
948 630
948 705
948 746
948 908
949 185
949 189
949 440
949 481
949 517
949 609
949 617
949 679
949 861
950 101
950 134
950 162
950 336
950 561
950 601
950 619
950 638
950 677
950 713
950 909
951 129
951 534
951 574
951 624
951 819
951 850
951 975
952 126
952 232
952 250
952 611
952 698
952 867
953 126
953 341
953 365
953 370
953 41
953 431
953 444
953 444
953 661
953 678
953 896
953 931
953 934
953 999
954 11
954 128
954 253
954 364
954 401
954 633
954 684
954 957
954 991
955 102
955 281
955 373
955 518
955 554
955 60
955 618
955 756
955 859
955 866
955 924
956 165
956 19
956 247
956 319
956 40
956 560
956 566
956 628
956 718
956 745
956 850
957 268
957 542
957 730
957 757
957 908
958 200
958 325
958 695
958 696
958 711
958 715
958 757
958 763
958 799
958 871
959 120
959 125
959 164
959 178
959 258
959 409
959 504
959 757
959 862
959 94
959 981
960 237
960 385
960 415
960 416
960 549
960 779
961 153
961 158
961 26
961 390
961 402
961 588
961 62
961 640
961 684
961 774
961 797
961 91
961 942
961 993
962 158
962 307
962 408
962 595
962 95
963 228
963 368
963 382
963 569
963 576
963 845
963 852
963 935
963 97
964 599
964 643
964 672
964 797
964 908
964 960
965 154
965 48
965 675
965 693
965 893
966 175
966 200
966 280
966 471
966 626
966 652
966 742
966 757
966 825
966 903
966 949
966 969
966 972
967 274
967 347
967 424
967 460
967 881
967 90
967 951
968 109
968 140
968 16
968 285
968 315
968 409
968 443
968 478
968 494
968 7
969 338
969 661
969 720
969 787
969 895
969 911
969 934
970 140
970 146
970 273
970 381
970 406
970 503
971 134
971 317
971 712
971 819
971 933
972 19
972 278
972 352
972 4
972 443
972 529
972 58
972 650
972 718
972 768
972 922
972 937
973 173
973 209
973 266
973 32
973 40
973 546
973 6
973 642
973 791
974 189
974 207
974 399
974 46
974 530
974 669
974 681
974 737
974 749
974 752
974 782
974 782
975 139
975 218
975 297
975 321
975 339
975 58
975 587
975 70
975 982
976 124
976 217
976 258
976 638
976 749
976 890
976 923
977 116
977 185
977 33
977 491
977 509
977 735
977 801
977 809
978 176
978 204
978 541
978 835
978 875
978 876
979 17
979 223
979 262
979 333
979 373
979 386
979 401
979 593
979 61
979 798
979 804
979 832
979 889
979 91
980 11
980 119
980 151
980 228
980 253
980 333
980 406
980 418
980 89
981 245
981 345
981 446
981 506
981 536
981 607
981 716
981 785
982 153
982 189
982 339
982 536
982 653
982 754
982 871
983 14
983 208
983 441
983 645
983 665
983 666
983 677
983 838
983 991
984 11
984 117
984 156
984 311
984 463
984 628
984 701
984 718
984 829
984 861
985 357
985 576
985 663
985 667
985 932
986 160
986 244
986 285
986 29
986 357
986 598
986 61
986 82
986 848
986 928
986 999
987 268
987 34
987 44
987 65
987 743
987 816
987 82
987 879
987 905
987 995
988 401
988 464
988 502
988 821
988 899
988 909
988 971
989 190
989 232
989 401
989 460
989 555
989 815
990 142
990 156
990 303
990 334
990 383
990 825
990 95
991 14
991 311
991 35
991 378
991 441
991 644
991 832
991 837
991 85
992 127
992 199
992 248
992 311
992 328
992 409
992 494
992 550
992 731
992 861
992 913
992 920
992 965
992 978
993 108
993 156
993 238
993 284
993 364
993 376
993 40
993 654
993 735
993 87
993 914
994 118
994 38
994 385
994 385
994 461
994 508
994 701
994 756
994 891
994 947
994 955
995 134
995 179
995 236
995 246
995 250
995 367
995 387
995 40
995 433
995 44
995 455
995 472
995 711
995 818
995 958
996 20
996 22
996 370
996 461
996 481
996 487
996 58
996 732
996 746
996 996
997 196
997 353
997 505
997 540
997 593
997 602
997 605
997 631
997 653
998 164
998 385
998 402
998 541
998 607
998 729
998 769
998 815
999 386
999 726
999 840
999 841
1000 281
1000 361
1000 367
1000 52
1000 523
1000 528
1000 574
1000 605
1000 642
1000 69
1000 879
1000 882
1000 905
1000 914
